3.7992,4.3711,4.4087,3.9546,2.3820
3.7979,4.4048,4.4909,3.9365,2.3824
3.7980,4.4148,4.5116,3.9436,2.3825
3.7978,4.4419,4.5514,3.9152,2.3826
3.7962,4.4457,4.5143,3.9539,2.3827
3.8472,4.4147,4.4955,4.0021,2.3828
3.8455,4.4269,4.4783,3.9971,2.3828
3.8374,4.4281,4.4657,3.9965,2.3828
3.8391,4.4417,4.4671,4.0138,2.3830
3.8360,4.4513,4.4872,4.0258,2.3830
3.8436,4.4286,4.4548,4.0339,2.3830
3.8304,4.3874,4.4191,3.9860,2.3824
3.7955,4.4210,4.4100,3.9992,2.3826
3.8095,4.4038,4.4119,4.0025,2.3825
3.8014,4.4346,4.4562,4.0235,2.3828
3.7666,4.3928,4.4041,3.9682,2.3822
3.8036,4.3607,4.4102,3.9709,2.3822
3.7947,4.3907,4.4058,3.9798,2.3823
3.8162,4.3822,4.3849,3.9980,2.3824
3.8093,4.3511,4.3492,3.9845,2.3820
3.8739,4.3696,4.4250,3.9907,2.3824
3.8774,4.3806,4.4243,3.9938,2.3826
3.8541,4.3618,4.4120,3.9753,2.3823
3.8290,4.3840,4.3931,3.9953,2.3823
3.8491,4.4038,4.4145,4.0199,2.3826
3.8344,4.4132,4.4052,4.0258,2.3826
3.8347,4.4182,4.3869,4.0476,2.3827
3.8517,4.4096,4.3754,4.0215,2.3825
3.8369,4.4327,4.4058,4.0305,2.3827
3.8212,4.4208,4.4038,4.0319,2.3827
3.7924,4.3727,4.3729,3.9774,2.3821
3.8319,4.3745,4.4063,3.9922,2.3822
3.8421,4.3988,4.4164,4.0038,2.3826
3.8637,4.4186,4.4574,4.0172,2.3828
3.8412,4.4532,4.4699,4.0287,2.3831
3.8025,4.4222,4.4337,4.0182,2.3826
3.8564,4.4513,4.4404,4.0715,2.3831
3.8596,4.4696,4.4285,4.0918,2.3832
3.8426,4.4274,4.3963,4.0635,2.3830
3.8315,4.3947,4.3823,4.0105,2.3824
3.8023,4.4064,4.3857,3.9920,2.3823
3.8400,4.4360,4.4386,4.0253,2.3828
3.8324,4.4227,4.4302,4.0196,2.3827
3.8030,4.4703,4.3973,4.0649,2.3829
3.8481,4.4975,4.4724,4.0942,2.3837
3.8936,4.4952,4.4806,4.1034,2.3836
3.9209,4.4930,4.5212,4.1074,2.3838
3.9257,4.4442,4.4525,4.0888,2.3834
3.9224,4.4525,4.4387,4.0701,2.3833
3.8459,4.4026,4.3697,4.0377,2.3826
3.7866,4.4001,4.3427,4.0204,2.3823
3.7861,4.3707,4.2927,3.9956,2.3819
3.8205,4.3689,4.3159,4.0111,2.3821
3.8486,4.3658,4.3130,3.9998,2.3822
3.8379,4.3570,4.3237,3.9831,2.3820
3.8153,4.3493,4.2682,4.0004,2.3820
3.8095,4.3977,4.2760,4.0281,2.3822
3.7835,4.4047,4.2707,4.0565,2.3823
3.7921,4.3836,4.2860,4.0231,2.3822
3.7870,4.3518,4.2739,3.9751,2.3817
3.7941,4.3517,4.3054,3.9573,2.3818
3.8504,4.3492,4.3696,3.9601,2.3821
3.8359,4.3395,4.3547,3.9572,2.3820
3.8374,4.3816,4.3810,3.9715,2.3823
3.8064,4.4085,4.3633,3.9975,2.3824
3.8236,4.3918,4.3158,4.0442,2.3824
3.8471,4.4376,4.3355,4.0795,2.3828
3.8735,4.4642,4.3367,4.1143,2.3831
3.8551,4.4038,4.2854,4.0716,2.3826
3.8681,4.3726,4.2969,4.0202,2.3823
3.9149,4.3759,4.3407,4.0217,2.3825
3.9020,4.3644,4.3261,4.0267,2.3824
3.8640,4.3554,4.2876,4.0120,2.3821
3.8378,4.3891,4.2896,4.0141,2.3822
3.7680,4.4359,4.2950,4.0384,2.3824
3.7578,4.4549,4.2980,4.0722,2.3825
3.7615,4.4610,4.3293,4.0552,2.3827
3.7561,4.4450,4.3189,4.0344,2.3824
3.7493,4.4182,4.2892,4.0360,2.3823
3.7900,4.4367,4.3170,4.0583,2.3825
3.7573,4.3770,4.2748,4.0274,2.3821
3.8269,4.3440,4.2714,3.9910,2.3818
3.8167,4.3175,4.2395,3.9546,2.3814
3.8152,4.3642,4.2808,3.9420,2.3816
3.8347,4.4197,4.3529,4.0084,2.3824
3.8347,4.4294,4.3707,4.0240,2.3826
3.8418,4.4441,4.4133,4.0358,2.3829
3.8285,4.4187,4.3792,4.0344,2.3827
3.8691,4.4112,4.3844,4.0391,2.3828
3.8843,4.4070,4.4106,4.0195,2.3826
3.8883,4.4232,4.4236,4.0460,2.3830
3.8964,4.4317,4.4318,4.0706,2.3831
3.8866,4.4280,4.4209,4.0536,2.3830
3.9127,4.4174,4.4353,4.0576,2.3830
3.9631,4.4684,4.4430,4.1030,2.3835
3.9646,4.4734,4.4217,4.1238,2.3835
3.9145,4.4457,4.3803,4.0850,2.3831
3.8864,4.4316,4.3359,4.0611,2.3827
3.8261,4.3803,4.2670,4.0264,2.3821
3.8544,4.3987,4.3297,4.0114,2.3823
3.8101,4.3520,4.3404,3.9347,2.3818
3.8053,4.3291,4.3294,3.9407,2.3817
3.7920,4.2909,4.2932,3.9333,2.3815
3.8313,4.3442,4.3409,3.9738,2.3819
3.8373,4.3551,4.2888,3.9945,2.3819
3.8043,4.3098,4.2966,3.9102,2.3812
3.8018,4.3080,4.3015,3.9103,2.3813
3.8009,4.3344,4.3692,3.9217,2.3817
3.8194,4.3296,4.3952,3.9357,2.3819
3.8020,4.2884,4.3389,3.9053,2.3813
3.7742,4.2870,4.2874,3.9135,2.3811
3.7525,4.2440,4.3300,3.8401,2.3807
3.7885,4.2454,4.3485,3.8418,2.3811
3.7619,4.2115,4.2791,3.8132,2.3804
3.7669,4.2526,4.2864,3.8753,2.3808
3.7908,4.2846,4.3188,3.9008,2.3813
3.7664,4.2749,4.2861,3.8868,2.3809
3.7921,4.2623,4.3386,3.8767,2.3810
3.7946,4.2881,4.2985,3.8977,2.3811
3.7015,4.3174,4.2728,3.9143,2.3811
3.6502,4.2688,4.2524,3.8686,2.3805
3.6506,4.2775,4.2773,3.8619,2.3806
3.6067,4.2465,4.2255,3.8456,2.3801
3.6506,4.2049,4.2298,3.8347,2.3801
3.7073,4.2152,4.2610,3.8552,2.3803
3.7564,4.3000,4.3195,3.9163,2.3811
3.7266,4.2993,4.3134,3.9108,2.3810
3.6701,4.2800,4.2576,3.8680,2.3805
3.7046,4.2661,4.2721,3.8706,2.3805
3.7266,4.3151,4.3816,3.9070,2.3812
3.7555,4.3428,4.3776,3.9391,2.3815
3.7589,4.4125,4.3910,3.9871,2.3820
3.7325,4.4147,4.3518,4.0108,2.3819
3.8090,4.4410,4.4160,4.0452,2.3825
3.8354,4.4736,4.4581,4.0522,2.3828
3.8721,4.4304,4.4818,4.0280,2.3828
3.8762,4.3479,4.4513,3.9782,2.3821
3.8921,4.2935,4.3927,3.9519,2.3817
3.9016,4.2565,4.3685,3.8911,2.3813
3.8720,4.2542,4.3561,3.8810,2.3810
3.7279,4.1960,4.3336,3.7757,2.3801
3.7377,4.2173,4.2913,3.8632,2.3804
3.8093,4.2580,4.2444,3.9275,2.3808
3.8193,4.2631,4.2349,3.9202,2.3808
3.7879,4.2532,4.1815,3.8941,2.3805
3.8262,4.2431,4.2425,3.8756,2.3806
3.8116,4.2229,4.1751,3.9247,2.3804
3.7828,4.2440,4.2327,3.8536,2.3803
3.7621,4.2752,4.2495,3.8675,2.3806
3.6965,4.2882,4.1897,3.9040,2.3804
3.6881,4.2599,4.1768,3.8733,2.3803
3.7226,4.2726,4.1866,3.9194,2.3804
3.7437,4.2909,4.2046,3.9121,2.3807
3.7436,4.3131,4.1838,3.9447,2.3808
3.7632,4.3019,4.1827,3.9435,2.3808
3.8024,4.2665,4.1775,3.9579,2.3808
3.7891,4.2220,4.1638,3.8992,2.3803
3.8452,4.2294,4.1652,3.9422,2.3806
3.8079,4.2959,4.2309,3.9634,2.3809
3.7925,4.3237,4.2394,3.9490,2.3811
3.8063,4.3645,4.2712,3.9689,2.3814
3.7600,4.4459,4.2929,4.0200,2.3820
3.7402,4.3914,4.2865,3.9990,2.3817
3.7599,4.3575,4.2768,3.9912,2.3815
3.7385,4.3100,4.2300,3.9401,2.3809
3.8062,4.2875,4.2350,3.9314,2.3809
3.7504,4.2844,4.3084,3.8538,2.3807
3.7325,4.3070,4.3124,3.9144,2.3810
3.7908,4.3880,4.3839,3.9850,2.3820
3.7877,4.4176,4.3819,4.0069,2.3822
3.7832,4.3334,4.2703,4.0040,2.3814
3.8672,4.3777,4.2756,4.0500,2.3820
3.8166,4.3457,4.2301,4.0114,2.3815
3.7441,4.2885,4.1661,3.9581,2.3807
3.6795,4.2923,4.1383,3.9301,2.3805
3.6727,4.2443,4.1329,3.8901,2.3801
3.6426,4.3097,4.1503,3.9058,2.3804
3.6624,4.3395,4.2118,3.9134,2.3807
3.7354,4.3837,4.2581,3.9853,2.3814
3.7219,4.3894,4.2552,3.9875,2.3815
3.7214,4.4415,4.2600,4.0026,2.3817
3.7229,4.3584,4.2352,3.9968,2.3813
3.7320,4.3867,4.2508,4.0177,2.3816
3.6802,4.3590,4.2315,3.9633,2.3811
3.6776,4.3576,4.2362,3.9547,2.3811
3.7128,4.3665,4.2646,3.9717,2.3813
3.7182,4.3805,4.2449,4.0189,2.3816
3.7419,4.3921,4.2561,4.0498,2.3818
3.7486,4.4125,4.2822,4.0544,2.3819
3.7892,4.3481,4.2545,4.0450,2.3817
3.7596,4.3518,4.2696,3.9595,2.3813
3.7374,4.3418,4.2396,3.9315,2.3810
3.8216,4.3890,4.2961,3.9739,2.3817
3.8522,4.4582,4.3608,4.0519,2.3825
3.8173,4.4593,4.3544,4.0727,2.3825
3.8161,4.4223,4.3303,4.0435,2.3822
3.8646,4.4240,4.3459,4.0427,2.3823
3.8660,4.4581,4.3632,4.0700,2.3827
3.8379,4.4414,4.3435,4.0495,2.3823
3.8191,4.4284,4.3441,4.0367,2.3823
3.8174,4.4244,4.3124,4.0332,2.3820
3.7884,4.4665,4.3457,4.0452,2.3823
3.8042,4.4808,4.3567,4.0917,2.3827
3.8182,4.4662,4.3481,4.1016,2.3827
3.8238,4.4615,4.3617,4.0797,2.3826
3.8171,4.4607,4.3618,4.0670,2.3825
3.8029,4.4390,4.3499,4.0558,2.3824
3.8389,4.4458,4.3400,4.0883,2.3826
3.8696,4.3930,4.3026,4.0606,2.3822
3.8685,4.3704,4.2941,4.0288,2.3819
3.8456,4.4349,4.3194,4.0500,2.3823
3.8305,4.4181,4.3135,4.0429,2.3822
3.8501,4.4211,4.3103,4.0540,2.3822
3.8616,4.4292,4.3120,4.0841,2.3825
3.8633,4.4158,4.3027,4.0809,2.3824
3.8640,4.4211,4.3256,4.0531,2.3823
3.8656,4.4329,4.3331,4.0693,2.3825
3.8508,4.4278,4.3307,4.0540,2.3823
3.8595,4.4147,4.3093,4.0547,2.3824
3.8672,4.4191,4.3144,4.0608,2.3823
3.8902,4.3953,4.2893,4.0810,2.3824
3.9134,4.3579,4.3017,4.0420,2.3821
3.9139,4.4249,4.2679,4.1466,2.3827
3.7785,4.3958,4.2808,4.0635,2.3821
3.7598,4.3625,4.2650,4.0157,2.3816
3.7659,4.3969,4.2574,4.0762,2.3820
3.7890,4.3610,4.2644,4.0742,2.3819
3.8193,4.3688,4.2589,4.0799,2.3821
3.7894,4.3455,4.2487,4.0422,2.3817
3.7953,4.3247,4.2238,3.9973,2.3814
3.8104,4.3401,4.2296,4.0045,2.3815
3.7690,4.3170,4.1838,3.9798,2.3811
3.7711,4.2991,4.1805,3.9684,2.3809
3.8090,4.3083,4.2140,3.9581,2.3811
3.8177,4.3237,4.2385,3.9710,2.3812
3.8041,4.3602,4.2744,3.9716,2.3814
3.7869,4.3669,4.2816,3.9726,2.3816
3.7749,4.3655,4.2766,3.9674,2.3815
3.7705,4.3685,4.2714,3.9734,2.3814
3.7505,4.3618,4.2238,3.9886,2.3813
3.7897,4.3703,4.2590,3.9827,2.3815
3.8153,4.3689,4.2613,3.9887,2.3816
3.8243,4.3546,4.2714,3.9795,2.3815
3.8154,4.3436,4.2565,3.9775,2.3814
3.8268,4.3330,4.2715,3.9586,2.3814
3.8318,4.3446,4.2983,3.9782,2.3815
3.8237,4.3652,4.3049,3.9843,2.3816
3.8374,4.3883,4.3029,4.0303,2.3820
3.8175,4.3848,4.2768,4.0114,2.3818
3.8331,4.3897,4.2901,4.0128,2.3819
3.8444,4.3950,4.3052,4.0020,2.3820
3.8472,4.3723,4.3120,3.9880,2.3818
3.8130,4.3460,4.3117,3.9460,2.3815
3.8253,4.3565,4.3295,3.9504,2.3817
3.7969,4.3386,4.3143,3.9304,2.3813
3.7552,4.3509,4.2909,3.9572,2.3813
3.7433,4.3653,4.2749,3.9804,2.3815
3.7157,4.3738,4.2960,3.9600,2.3815
3.7274,4.3645,4.3065,3.9643,2.3815
3.7646,4.3416,4.3066,3.9535,2.3814
3.7731,4.3227,4.3149,3.9273,2.3813
3.7770,4.2884,4.3199,3.9002,2.3810
3.7862,4.3008,4.3323,3.9176,2.3812
3.7367,4.2876,4.3320,3.8848,2.3809
3.7021,4.3056,4.2934,3.9053,2.3809
3.7194,4.3197,4.3046,3.9260,2.3811
3.7070,4.2889,4.2942,3.9022,2.3809
3.6620,4.3178,4.2651,3.8935,2.3807
3.6443,4.2986,4.2598,3.8713,2.3806
3.6783,4.2723,4.2572,3.8941,2.3806
3.7127,4.2887,4.2705,3.9091,2.3808
3.7361,4.2582,4.2474,3.8709,2.3806
3.7487,4.2718,4.2496,3.9104,2.3807
3.7311,4.2718,4.2252,3.8909,2.3805
3.7453,4.2897,4.2050,3.9318,2.3809
3.7792,4.3347,4.2702,3.9463,2.3813
3.7723,4.3441,4.2373,3.9821,2.3813
3.7625,4.3378,4.2250,3.9596,2.3812
3.7028,4.2814,4.1762,3.9067,2.3805
3.7130,4.2945,4.1755,3.9115,2.3806
3.7724,4.2892,4.2420,3.9175,2.3809
3.6894,4.2121,4.0936,3.8686,2.3798
3.6861,4.2658,4.1282,3.9327,2.3803
3.6939,4.2775,4.1338,3.9289,2.3804
3.7002,4.2808,4.1418,3.9554,2.3807
3.7628,4.2374,4.1312,3.9838,2.3806
3.8423,4.2201,4.1936,3.9214,2.3807
3.8592,4.2012,4.1630,3.9639,2.3806
3.8397,4.2219,4.1510,3.9590,2.3806
3.7494,4.2058,4.1269,3.8701,2.3800
3.7488,4.2345,4.1178,3.9020,2.3802
3.6775,4.2547,4.1426,3.8784,2.3801
3.7026,4.2691,4.1521,3.8926,2.3804
3.7312,4.2785,4.1810,3.9015,2.3804
3.7551,4.3082,4.1650,3.9652,2.3809
3.7766,4.2926,4.1668,3.9763,2.3811
3.8305,4.2779,4.1976,3.9699,2.3810
3.8279,4.2363,4.1771,3.9232,2.3806
3.7985,4.2122,4.1569,3.8784,2.3802
3.7695,4.2294,4.1698,3.8856,2.3803
3.7128,4.2340,4.1653,3.8385,2.3800
3.6811,4.2813,4.1782,3.8947,2.3804
3.7146,4.3407,4.2040,3.9723,2.3811
3.7426,4.3542,4.2114,3.9841,2.3814
3.7763,4.3507,4.2330,4.0030,2.3816
3.8028,4.3219,4.2297,3.9660,2.3813
3.7961,4.2861,4.1824,3.9509,2.3809
3.7861,4.2710,4.1564,3.9451,2.3807
3.7550,4.2523,4.1319,3.9243,2.3805
3.6986,4.2607,4.1393,3.9108,2.3804
3.7034,4.2761,4.1585,3.9280,2.3805
3.6703,4.2549,4.1002,3.9617,2.3804
3.7410,4.2982,4.1721,4.0130,2.3812
3.6760,4.2351,4.0960,4.0360,2.3807
3.6948,4.2574,4.1536,3.9904,2.3808
3.7973,4.2808,4.2266,3.9478,2.3810
3.7819,4.2566,4.2779,3.8775,2.3807
3.7942,4.2668,4.2346,3.9171,2.3809
3.7842,4.2604,4.1944,3.9109,2.3807
3.8232,4.2710,4.1957,3.9743,2.3810
3.7388,4.2853,4.1612,3.9328,2.3805
3.7278,4.3205,4.2059,3.9230,2.3806
3.7596,4.3358,4.2155,3.9786,2.3811
3.7694,4.3473,4.2270,3.9896,2.3812
3.7976,4.3506,4.2706,3.9901,2.3814
3.8217,4.3483,4.2557,4.0002,2.3814
3.8272,4.3494,4.2485,4.0036,2.3815
3.8323,4.3719,4.2692,4.0089,2.3816
3.8143,4.3803,4.2731,4.0088,2.3817
3.8238,4.3942,4.2924,4.0175,2.3818
3.8348,4.4144,4.3044,4.0385,2.3820
3.8297,4.4125,4.3007,4.0341,2.3821
3.8113,4.3984,4.2929,4.0139,2.3819
3.8253,4.3731,4.3035,3.9907,2.3817
3.8315,4.3457,4.2798,3.9836,2.3816
3.8433,4.3382,4.2486,4.0133,2.3816
3.8601,4.3368,4.2640,4.0170,2.3817
3.8666,4.3493,4.2894,4.0221,2.3818
3.8634,4.3841,4.3054,4.0290,2.3820
3.8458,4.3934,4.3052,4.0310,2.3819
3.8489,4.4239,4.3343,4.0482,2.3824
3.8463,4.4381,4.3431,4.0593,2.3825
3.8468,4.4464,4.3473,4.0673,2.3825
3.8589,4.4247,4.3454,4.0516,2.3823
3.8853,4.4079,4.3338,4.0485,2.3822
3.8929,4.4089,4.3380,4.0774,2.3825
3.9117,4.4364,4.3870,4.0581,2.3825
3.8923,4.4593,4.4593,4.0453,2.3828
3.8579,4.4606,4.5114,4.0222,2.3828
3.8685,4.4991,4.5317,4.0599,2.3831
3.8705,4.4961,4.5156,4.0673,2.3832
3.8458,4.4943,4.5110,4.0554,2.3831
3.8750,4.5070,4.5483,4.0463,2.3832
3.8724,4.4993,4.5471,4.0424,2.3832
3.8887,4.4768,4.5521,4.0251,2.3831
3.8830,4.4352,4.5190,4.0113,2.3828
3.8573,4.4352,4.4996,4.0033,2.3827
3.8370,4.3951,4.4865,3.9505,2.3822
3.8300,4.3834,4.4870,3.9541,2.3822
3.8387,4.3883,4.4812,3.9484,2.3821
3.8679,4.3615,4.4542,3.9801,2.3821
3.8646,4.3910,4.4821,3.9933,2.3824
3.8566,4.4266,4.5117,3.9828,2.3826
3.8840,4.4625,4.5384,4.0310,2.3830
3.8823,4.4514,4.5072,4.0340,2.3830
3.8781,4.4222,4.4841,4.0228,2.3826
3.8816,4.4169,4.4976,4.0059,2.3826
3.8522,4.3701,4.4586,3.9673,2.3821
3.8342,4.3388,4.4728,3.9394,2.3819
3.8288,4.3408,4.4814,3.9228,2.3818
3.8102,4.3244,4.4557,3.9298,2.3818
3.7929,4.3725,4.4443,3.9315,2.3819
3.7773,4.3912,4.4009,3.9740,2.3819
3.7980,4.4038,4.4164,3.9826,2.3821
3.8269,4.3952,4.4338,4.0074,2.3823
3.8328,4.3963,4.4117,4.0164,2.3822
3.8595,4.4083,4.4267,4.0368,2.3825
3.8526,4.4059,4.4282,4.0201,2.3823
3.8471,4.4084,4.4360,4.0191,2.3823
3.8714,4.3986,4.4346,4.0264,2.3825
3.8826,4.3895,4.4258,4.0110,2.3823
3.8860,4.3901,4.4558,4.0070,2.3824
3.8887,4.3813,4.4351,4.0053,2.3823
3.8812,4.3841,4.4581,3.9987,2.3823
3.8513,4.3945,4.4787,3.9882,2.3823
3.8421,4.4094,4.4738,3.9958,2.3824
3.8283,4.4223,4.4656,3.9852,2.3824
3.8461,4.4228,4.4917,3.9978,2.3826
3.8596,4.4203,4.4882,4.0038,2.3825
3.8421,4.4136,4.4604,4.0009,2.3824
3.8317,4.4162,4.5329,3.9479,2.3825
3.7970,4.3524,4.4813,3.9208,2.3819
3.8076,4.3130,4.4105,3.9236,2.3815
3.8348,4.3298,4.3558,3.9396,2.3814
3.8587,4.3418,4.3794,3.9748,2.3819
3.8689,4.3757,4.3934,3.9827,2.3821
3.8498,4.3668,4.3728,3.9825,2.3819
3.8718,4.3459,4.4112,3.9606,2.3819
3.8695,4.3475,4.4914,3.9243,2.3820
3.8042,4.3763,4.4977,3.9171,2.3820
3.7952,4.3423,4.4948,3.8929,2.3818
3.8104,4.3848,4.4773,3.9136,2.3819
3.7856,4.3322,4.4520,3.9090,2.3817
3.7591,4.2933,4.4287,3.8798,2.3813
3.7899,4.2542,4.3872,3.8631,2.3810
3.8587,4.2767,4.4188,3.9131,2.3815
3.8062,4.2859,4.4602,3.8686,2.3813
3.7889,4.2797,4.4407,3.8556,2.3811
3.7956,4.2975,4.4344,3.8884,2.3814
3.7825,4.3148,4.4264,3.9008,2.3815
3.7677,4.3315,4.4245,3.8893,2.3815
3.7150,4.3180,4.4290,3.8573,2.3812
3.7568,4.3502,4.4451,3.8857,2.3815
3.6999,4.3088,4.3726,3.8587,2.3810
3.7018,4.2675,4.3603,3.8860,2.3810
3.7128,4.3367,4.4093,3.8741,2.3812
3.7115,4.3262,4.3762,3.9123,2.3813
3.7340,4.3339,4.3768,3.9328,2.3814
3.7211,4.2897,4.2986,3.9219,2.3810
3.7399,4.2746,4.2794,3.9033,2.3809
3.7596,4.2880,4.2852,3.9160,2.3810
3.7807,4.2876,4.3221,3.8932,2.3809
3.8215,4.3305,4.3532,3.9206,2.3814
3.7932,4.2859,4.3770,3.9002,2.3811
3.8077,4.2917,4.3674,3.9182,2.3812
3.8387,4.3377,4.3814,3.9378,2.3815
3.8819,4.3472,4.4042,3.9800,2.3820
3.8317,4.2739,4.3258,3.8993,2.3811
3.7665,4.3004,4.2692,3.8993,2.3809
3.7891,4.2704,4.2979,3.8707,2.3809
3.8317,4.2824,4.3178,3.9215,2.3812
3.7770,4.3117,4.3069,3.9516,2.3813
3.7905,4.3069,4.3021,3.9299,2.3811
3.8710,4.3505,4.3628,3.9690,2.3818
3.8469,4.3466,4.3420,3.9626,2.3816
3.8044,4.3546,4.3166,3.9653,2.3815
3.8248,4.3058,4.3566,3.9217,2.3813
3.8313,4.2965,4.3727,3.8867,2.3813
3.8208,4.2880,4.3176,3.9094,2.3811
3.8363,4.3427,4.2936,3.9752,2.3815
3.7478,4.2967,4.2707,3.8875,2.3807
3.7348,4.2597,4.2646,3.8585,2.3804
3.7186,4.2389,4.2692,3.8145,2.3802
3.6934,4.2353,4.2773,3.8244,2.3802
3.7143,4.1596,4.1855,3.8016,2.3795
3.7474,4.1955,4.2500,3.8126,2.3800
3.7213,4.1491,4.2145,3.7696,2.3796
3.7417,4.1430,4.2178,3.7550,2.3795
3.6699,4.1362,4.1539,3.7554,2.3792
3.7319,4.1622,4.1608,3.8513,2.3796
3.7393,4.1116,4.0883,3.7610,2.3790
3.6267,4.1846,4.0472,3.8144,2.3792
3.5514,4.1445,3.9980,3.8494,2.3789
3.6568,4.1542,4.0741,3.7882,2.3791
3.7310,4.1756,4.1196,3.8115,2.3795
3.7191,4.1588,4.0902,3.8318,2.3794
3.6582,4.2244,4.0953,3.8208,2.3796
3.6809,4.2672,4.1386,3.8943,2.3803
3.7251,4.2861,4.1798,3.8801,2.3804
3.7049,4.2886,4.2100,3.8928,2.3806
3.7403,4.2704,4.2032,3.9029,2.3806
3.7328,4.2172,4.1685,3.8292,2.3800
3.7504,4.2108,4.2010,3.8314,2.3801
3.7116,4.1906,4.1458,3.8095,2.3798
3.7476,4.1981,4.1502,3.8313,2.3798
3.7412,4.2994,4.2444,3.8777,2.3807
3.6764,4.3187,4.2831,3.8799,2.3808
3.6794,4.2817,4.2439,3.9060,2.3807
3.6709,4.3094,4.2368,3.9374,2.3809
3.6835,4.3272,4.2440,3.9407,2.3811
3.6734,4.2855,4.2283,3.9064,2.3807
3.7008,4.3027,4.2934,3.8923,2.3810
3.6912,4.2757,4.2657,3.8620,2.3806
3.6241,4.2560,4.2900,3.8289,2.3805
3.6599,4.2871,4.3223,3.8461,2.3807
3.6467,4.2768,4.2985,3.8627,2.3807
3.6356,4.2518,4.3556,3.8092,2.3805
3.6893,4.3157,4.4199,3.8509,2.3812
3.7138,4.2811,4.3966,3.8531,2.3810
3.7260,4.3173,4.4131,3.9032,2.3814
3.7072,4.2644,4.3410,3.8619,2.3809
3.6621,4.1972,4.2471,3.8155,2.3800
3.7331,4.2483,4.2669,3.8564,2.3805
3.7517,4.2572,4.2936,3.8658,2.3809
3.7120,4.2237,4.2376,3.8583,2.3803
3.7129,4.2301,4.2349,3.8546,2.3803
3.7338,4.2236,4.2562,3.8504,2.3804
3.6982,4.2551,4.2593,3.8489,2.3804
3.6928,4.1981,4.1469,3.8468,2.3799
3.7297,4.1992,4.1551,3.8080,2.3797
3.7385,4.1596,4.2162,3.7756,2.3796
3.7261,4.1544,4.2477,3.7589,2.3797
3.7183,4.0748,4.1206,3.7381,2.3790
3.7495,4.0363,4.1668,3.6893,2.3787
3.6896,4.0718,4.2217,3.6567,2.3787
3.6420,4.0691,4.2852,3.6399,2.3788
3.6657,4.0445,4.3145,3.6664,2.3790
3.6987,4.1068,4.2735,3.7239,2.3794
3.6537,4.1234,4.2638,3.7183,2.3793
3.6450,4.1823,4.2676,3.7555,2.3797
3.5786,4.1734,4.2332,3.7205,2.3793
3.6490,4.2072,4.3726,3.7557,2.3800
3.7171,4.1831,4.2980,3.8142,2.3802
3.7066,4.1702,4.3171,3.7424,2.3799
3.6885,4.1565,4.3253,3.7144,2.3797
3.7336,4.1434,4.3748,3.7946,2.3802
3.7167,4.1592,4.2525,3.7886,2.3799
3.6552,4.1682,4.2381,3.7524,2.3796
3.6618,4.1261,4.2034,3.7410,2.3792
3.6135,4.0583,4.0777,3.7077,2.3784
3.6578,4.0444,4.0781,3.6982,2.3784
3.6065,4.0854,4.0441,3.6994,2.3784
3.6362,4.0879,4.0679,3.7743,2.3786
3.6232,4.0879,4.0665,3.6803,2.3783
3.6023,4.1432,4.0733,3.7541,2.3788
3.6221,4.1056,4.0362,3.7255,2.3786
3.5517,4.0239,4.0232,3.6200,2.3777
3.5250,3.9424,3.9990,3.5478,2.3769
3.5182,3.9450,4.0889,3.5516,2.3772
3.5472,3.9570,4.0361,3.5897,2.3774
3.5212,3.9681,4.0307,3.5749,2.3771
3.4802,4.0527,4.0240,3.6480,2.3778
3.4937,4.0731,4.0516,3.6873,2.3781
3.5581,4.1066,4.0841,3.7013,2.3785
3.5408,4.0945,4.1445,3.6388,2.3784
3.6095,4.0706,4.1615,3.7019,2.3788
3.6141,4.0478,4.1375,3.6736,2.3785
3.6019,4.0824,4.1361,3.6851,2.3785
3.5503,4.0645,4.1314,3.6507,2.3783
3.5779,4.1036,4.1446,3.6733,2.3788
3.5716,4.1242,4.1402,3.7248,2.3789
3.5856,4.1162,4.1591,3.7166,2.3789
3.6265,4.1054,4.1864,3.6856,2.3789
3.6915,4.1103,4.2171,3.7149,2.3793
3.7524,4.0928,4.2490,3.7283,2.3794
3.8057,4.0755,4.2112,3.7356,2.3795
3.6985,4.0429,4.1094,3.6850,2.3785
3.6254,4.0749,4.1959,3.6360,2.3786
3.5411,4.1213,4.2315,3.6779,2.3789
3.5350,4.1798,4.2139,3.7572,2.3794
3.5477,4.2336,4.2222,3.7945,2.3799
3.5649,4.2301,4.2229,3.7991,2.3800
3.5475,4.2031,4.2293,3.7635,2.3797
3.5758,4.1794,4.2259,3.7650,2.3796
3.5847,4.1616,4.1822,3.7636,2.3795
3.5936,4.1376,4.1441,3.7842,2.3793
3.5453,4.1478,4.0819,3.7661,2.3790
3.5546,4.1942,4.1261,3.7834,2.3794
3.5713,4.2310,4.1777,3.8306,2.3799
3.6014,4.2665,4.1794,3.8762,2.3804
3.6327,4.2742,4.1861,3.8849,2.3805
3.6421,4.2608,4.1763,3.8805,2.3804
3.6814,4.2251,4.1709,3.8594,2.3801
3.7179,4.1915,4.2014,3.8025,2.3798
3.7154,4.1839,4.2319,3.7863,2.3799
3.7138,4.1909,4.2418,3.8085,2.3802
3.6540,4.1727,4.2352,3.7576,2.3797
3.6556,4.1529,4.1197,3.7998,2.3795
3.6707,4.1729,4.0754,3.8778,2.3797
3.7028,4.2221,4.0721,3.9001,2.3802
3.7154,4.2254,4.1290,3.8464,2.3801
3.6869,4.1592,4.0721,3.7911,2.3795
3.7097,4.1439,4.0253,3.8389,2.3795
3.6902,4.1219,4.0025,3.8808,2.3794
3.7002,4.0803,4.0287,3.7686,2.3788
3.6863,4.0816,3.9929,3.7877,2.3788
3.6525,4.0744,3.9963,3.7249,2.3784
3.6157,4.1206,4.0036,3.7702,2.3788
3.6550,4.1616,4.0752,3.7522,2.3792
3.6494,4.2078,4.1727,3.7689,2.3797
3.6352,4.1711,4.1375,3.7850,2.3796
3.5132,4.1216,4.1259,3.6435,2.3785
3.5273,4.1186,4.1525,3.7381,2.3790
3.6525,4.1414,4.1467,3.8029,2.3796
3.7263,4.2060,4.2401,3.7940,2.3801
3.6684,4.1619,4.3224,3.7057,2.3797
3.7335,4.1872,4.4069,3.7795,2.3805
3.7984,4.1603,4.3190,3.7974,2.3803
3.8649,4.1512,4.4406,3.7772,2.3806
3.9860,4.2063,4.4188,3.8662,2.3813
3.9176,4.2593,4.4184,3.8538,2.3814
3.8918,4.2864,4.3730,3.9362,2.3816
3.8524,4.3013,4.3456,3.9365,2.3817
3.8218,4.3217,4.3866,3.8933,2.3816
3.7952,4.2317,4.3223,3.8525,2.3808
3.9011,4.2556,4.3543,3.8872,2.3814
3.8166,4.1862,4.3077,3.8181,2.3805
3.7765,4.1588,4.3236,3.7581,2.3801
3.7692,4.2138,4.3476,3.8034,2.3806
3.7254,4.2516,4.3046,3.8388,2.3806
3.6805,4.2349,4.2260,3.8334,2.3803
3.6786,4.1297,4.0897,3.7946,2.3793
3.6762,4.1170,4.0607,3.7852,2.3791
3.7286,4.0931,4.0763,3.7363,2.3790
3.7029,4.1849,4.1289,3.8256,2.3797
3.6454,4.2242,4.2221,3.7523,2.3799
3.5842,4.1563,4.1989,3.7304,2.3793
3.6527,4.1313,4.1524,3.7779,2.3793
3.6424,4.1537,4.0960,3.7890,2.3794
3.6141,4.1186,4.0268,3.7738,2.3789
3.6536,4.1417,4.0503,3.7735,2.3791
3.6936,4.0681,4.0337,3.7259,2.3788
3.7520,4.0940,4.0607,3.8100,2.3792
3.7081,4.1052,4.0315,3.8136,2.3793
3.6996,4.1361,4.0302,3.8539,2.3794
3.6891,4.1924,4.0776,3.9317,2.3801
3.7040,4.2432,4.1115,3.9610,2.3807
3.7029,4.2979,4.1198,3.9763,2.3809
3.6580,4.3385,4.1560,3.9650,2.3810
3.6919,4.1485,4.0907,3.9028,2.3800
3.7524,4.1154,4.0308,3.8573,2.3795
3.7539,4.1765,4.0926,3.8762,2.3800
3.6642,4.1812,4.0934,3.7981,2.3796
3.6332,4.2003,4.1100,3.8082,2.3795
3.6465,4.2559,4.1414,3.8487,2.3802
3.6904,4.3212,4.2338,3.9093,2.3810
3.6978,4.3617,4.2610,3.9568,2.3815
3.6972,4.3396,4.2435,3.9583,2.3813
3.6869,4.3300,4.2617,3.9347,2.3812
3.6447,4.2624,4.1962,3.8960,2.3806
3.6412,4.2231,4.1719,3.8311,2.3800
3.6851,4.2272,4.2002,3.8269,2.3802
3.5866,4.2581,4.2026,3.8169,2.3801
3.6213,4.2552,4.2081,3.8441,2.3802
3.6019,4.3171,4.2164,3.8929,2.3807
3.6610,4.3531,4.2573,3.9338,2.3812
3.7276,4.3196,4.2752,3.9640,2.3815
3.7135,4.3533,4.2709,3.9680,2.3815
3.7226,4.3740,4.2910,3.9963,2.3818
3.7695,4.3608,4.2742,4.0026,2.3817
3.7801,4.2921,4.2290,3.9384,2.3811
3.7590,4.2891,4.2422,3.8988,2.3809
3.7525,4.3047,4.2613,3.9048,2.3810
3.6844,4.3105,4.2406,3.9147,2.3809
3.7102,4.3643,4.2625,3.9743,2.3816
3.7116,4.4030,4.2874,4.0281,2.3819
3.7410,4.3721,4.2807,4.0071,2.3819
3.7606,4.3375,4.2710,3.9913,2.3817
3.7488,4.3321,4.2073,3.9692,2.3813
3.7180,4.3225,4.1971,3.9466,2.3811
3.7052,4.3060,4.2001,3.9071,2.3809
3.6875,4.2619,4.1767,3.8722,2.3804
3.7139,4.2580,4.1540,3.9015,2.3804
3.7469,4.3133,4.1814,3.9565,2.3811
3.7273,4.3568,4.2272,3.9697,2.3814
3.7401,4.3438,4.2168,3.9681,2.3814
3.7480,4.3553,4.2311,3.9702,2.3814
3.7518,4.3435,4.2213,3.9687,2.3815
3.7532,4.3281,4.1981,3.9797,2.3813
3.7131,4.3073,4.1774,3.9351,2.3809
3.7659,4.2953,4.1850,3.9683,2.3812
3.7600,4.2576,4.1471,3.9461,2.3808
3.7354,4.2741,4.1703,3.9414,2.3809
3.7349,4.2859,4.1866,3.9296,2.3809
3.7428,4.2964,4.1829,3.9342,2.3809
3.7237,4.2887,4.1666,3.9208,2.3808
3.7003,4.2666,4.1506,3.9099,2.3805
3.7266,4.2635,4.1450,3.9055,2.3806
3.7379,4.2398,4.1309,3.9133,2.3805
3.6773,4.1916,4.0793,3.8773,2.3799
3.6850,4.1546,4.0513,3.8728,2.3796
3.7019,4.1761,4.0686,3.8471,2.3797
3.6920,4.1686,4.0696,3.8939,2.3798
3.6874,4.2083,4.0991,3.8896,2.3801
3.6759,4.2365,4.1373,3.8587,2.3802
3.6899,4.2610,4.1489,3.8977,2.3805
3.7244,4.1643,4.0827,3.8356,2.3798
3.6515,4.1630,4.0422,3.8593,2.3796
3.7372,4.1796,4.0874,3.8972,2.3799
3.6920,4.2083,4.0893,3.9028,2.3802
3.6753,4.2670,4.1380,3.9032,2.3805
3.7086,4.2615,4.1531,3.9017,2.3805
3.7476,4.2680,4.1733,3.8962,2.3806
3.7002,4.2632,4.1655,3.8815,2.3806
3.6969,4.2010,4.1384,3.8256,2.3799
3.7056,4.2178,4.1920,3.7906,2.3801
3.6561,4.2102,4.2490,3.7935,2.3800
3.6381,4.2938,4.2566,3.8440,2.3806
3.6259,4.2433,4.2095,3.8609,2.3804
3.6305,4.2433,4.1815,3.8766,2.3804
3.6538,4.2570,4.1986,3.8726,2.3805
3.6425,4.2439,4.1700,3.8616,2.3802
3.6437,4.2393,4.1058,3.8612,2.3802
3.6606,4.2502,4.1424,3.8725,2.3804
3.6477,4.2119,4.0811,3.8628,2.3799
3.6299,4.2421,4.1019,3.8608,2.3800
3.6367,4.2592,4.1092,3.8611,2.3803
3.6883,4.2549,4.1310,3.8897,2.3805
3.7164,4.2554,4.1222,3.9198,2.3804
3.6970,4.2067,4.0912,3.8758,2.3802
3.7208,4.1787,4.0847,3.8853,2.3801
3.7598,4.1802,4.0921,3.9089,2.3803
3.7113,4.1468,4.0580,3.8810,2.3797
3.7065,4.1318,4.0461,3.8045,2.3793
3.6686,4.1361,4.0462,3.7971,2.3788
3.6541,4.1589,4.0653,3.7835,2.3792
3.6113,4.1997,4.0829,3.8161,2.3794
3.6286,4.2263,4.1147,3.8574,2.3796
3.6580,4.2402,4.1379,3.8624,2.3798
3.6856,4.2510,4.2108,3.8187,2.3801
3.7441,4.2376,4.1759,3.8568,2.3803
3.7702,4.1923,4.1484,3.8370,2.3799
3.7575,4.1752,4.1953,3.7824,2.3799
3.6943,4.1193,4.1244,3.7380,2.3791
3.6244,4.1433,4.1036,3.7341,2.3791
3.5473,4.1685,4.1588,3.7595,2.3791
3.5804,4.1880,4.1654,3.7714,2.3795
3.5988,4.2290,4.2062,3.8081,2.3800
3.6387,4.2207,4.2054,3.8300,2.3801
3.6798,4.1345,4.1866,3.7825,2.3796
3.7594,4.1248,4.1473,3.8001,2.3797
3.6541,4.1634,4.1335,3.7592,2.3793
3.6242,4.1689,4.1291,3.7768,2.3795
3.6530,4.1980,4.1634,3.7805,2.3797
3.6249,4.2239,4.1992,3.8058,2.3801
3.5600,4.2269,4.1791,3.8109,2.3799
3.5471,4.2492,4.2031,3.8342,2.3801
3.5802,4.2418,4.1924,3.8602,2.3804
3.6693,4.2542,4.3028,3.8588,2.3808
3.7126,4.2587,4.2871,3.8968,2.3811
3.7315,4.2729,4.2963,3.8857,2.3811
3.7494,4.2586,4.2759,3.8600,2.3808
3.7066,4.2909,4.2812,3.8789,2.3810
3.6674,4.3229,4.2530,3.9245,2.3812
3.6394,4.2832,4.2026,3.8870,2.3807
3.6745,4.2522,4.2003,3.9028,2.3807
3.7574,4.3033,4.2182,3.9540,2.3812
3.7111,4.3326,4.2182,3.9460,2.3813
3.8022,4.2990,4.2054,3.9587,2.3813
3.7906,4.2584,4.2367,3.8719,2.3808
3.7961,4.2192,4.2088,3.8609,2.3805
3.7990,4.2068,4.2036,3.8664,2.3806
3.8013,4.2173,4.2085,3.8629,2.3805
3.7314,4.2370,4.1399,3.8690,2.3803
3.7328,4.2974,4.1753,3.9215,2.3809
3.7539,4.3493,4.2667,3.9525,2.3815
3.7175,4.3214,4.3080,3.8851,2.3812
3.7126,4.3284,4.2881,3.9455,2.3815
3.7430,4.3473,4.3068,3.9592,2.3816
3.7583,4.3437,4.3037,3.9527,2.3816
3.7418,4.2923,4.2833,3.9071,2.3811
3.7098,4.2370,4.2677,3.8527,2.3806
3.7318,4.2673,4.2527,3.8784,2.3807
3.7192,4.2750,4.2161,3.9113,2.3809
3.6879,4.2695,4.2069,3.8894,2.3807
3.6741,4.2730,4.1451,3.9110,2.3806
3.6561,4.2753,4.1573,3.8817,2.3804
3.6329,4.2508,4.1129,3.8353,2.3799
3.6726,4.1972,4.1174,3.8439,2.3797
3.7202,4.1635,4.1403,3.7679,2.3796
3.6991,4.1280,4.1372,3.7580,2.3792
3.7213,4.1073,4.0648,3.8310,2.3794
3.7007,4.1070,3.9884,3.8192,2.3790
3.6547,4.1892,4.1177,3.7643,2.3795
3.5941,4.2279,4.1438,3.7792,2.3797
3.6346,4.2291,4.0895,3.8922,2.3801
3.7141,4.2423,4.1537,3.8764,2.3803
3.7138,4.2576,4.1989,3.8280,2.3805
3.6782,4.1981,4.1854,3.8090,2.3800
3.6785,4.1444,4.1344,3.7678,2.3795
3.6884,4.1353,4.1748,3.7477,2.3793
3.6981,4.1148,4.1990,3.6927,2.3791
3.6707,4.0942,4.2286,3.7067,2.3791
3.6238,4.1046,4.2199,3.6982,2.3791
3.6092,4.1529,4.1848,3.7549,2.3795
3.6206,4.2010,4.2120,3.7929,2.3794
3.6383,4.2300,4.2266,3.8241,2.3799
3.6240,4.2294,4.2260,3.8114,2.3800
3.6169,4.2511,4.2717,3.8222,2.3803
3.6399,4.2394,4.2664,3.8306,2.3803
3.6742,4.2209,4.2794,3.8051,2.3801
3.6489,4.2254,4.3007,3.7856,2.3803
3.6374,4.2108,4.3472,3.7727,2.3803
3.6912,4.2478,4.3657,3.8426,2.3808
3.7080,4.2738,4.3894,3.8367,2.3810
3.7111,4.3040,4.4143,3.8489,2.3813
3.7364,4.3688,4.4443,3.9162,2.3820
3.7239,4.3520,4.4013,3.9232,2.3817
3.7318,4.3095,4.3578,3.9353,2.3815
3.7418,4.3250,4.3236,3.9390,2.3815
3.7604,4.2608,4.2374,3.9114,2.3811
3.7590,4.2522,4.1807,3.8923,2.3806
3.7660,4.2405,4.1795,3.8795,2.3806
3.7557,4.2469,4.1746,3.8766,2.3806
3.7543,4.2354,4.1743,3.8801,2.3804
3.7542,4.2475,4.2111,3.8693,2.3806
3.7327,4.2644,4.2254,3.8824,2.3808
3.7204,4.2731,4.2307,3.8834,2.3808
3.7368,4.2856,4.2323,3.9159,2.3810
3.7456,4.2914,4.2420,3.9122,2.3811
3.7552,4.2902,4.2362,3.9110,2.3811
3.7701,4.2880,4.2518,3.9006,2.3811
3.8022,4.2812,4.2524,3.9094,2.3811
3.7943,4.2765,4.2462,3.9138,2.3811
3.7796,4.2642,4.2277,3.9119,2.3810
3.7604,4.2563,4.2317,3.8724,2.3808
3.7537,4.2560,4.2274,3.8744,2.3807
3.7690,4.2764,4.2765,3.8777,2.3810
3.7857,4.3045,4.2631,3.9571,2.3815
3.8211,4.3341,4.2631,3.9948,2.3818
3.8320,4.3316,4.2827,3.9479,2.3816
3.8793,4.3448,4.3133,3.9853,2.3819
3.8486,4.3138,4.3001,3.9608,2.3818
3.8296,4.2939,4.2445,3.9685,2.3816
3.7878,4.2979,4.2092,3.9440,2.3812
3.7594,4.3089,4.1994,3.9606,2.3813
3.7497,4.3362,4.1946,3.9780,2.3814
3.7414,4.3544,4.2183,3.9877,2.3816
3.7529,4.3655,4.2398,4.0080,2.3818
3.7535,4.3642,4.2392,3.9919,2.3818
3.7638,4.3445,4.2245,3.9809,2.3816
3.7701,4.3013,4.2030,3.9317,2.3812
3.8113,4.2619,4.1901,3.9586,2.3812
3.8084,4.2476,4.1624,3.9333,2.3810
3.7995,4.2314,4.1408,3.9322,2.3808
3.7849,4.2530,4.1326,3.9577,2.3809
3.7677,4.2705,4.1565,3.9661,2.3810
3.7467,4.2952,4.1816,3.9694,2.3812
3.7013,4.3269,4.2070,3.9768,2.3813
3.7130,4.3151,4.2327,3.9446,2.3813
3.7570,4.2960,4.1973,3.9339,2.3811
3.7663,4.2674,4.1664,3.9207,2.3808
3.7509,4.2268,4.1306,3.8946,2.3805
3.7365,4.2135,4.1109,3.8803,2.3803
3.7123,4.1983,4.0926,3.8590,2.3801
3.7118,4.2073,4.0998,3.8627,2.3802
3.7370,4.2506,4.1392,3.9226,2.3806
3.7529,4.2671,4.1597,3.9152,2.3807
3.6922,4.2404,4.1139,3.8694,2.3803
3.6954,4.2315,4.1116,3.8654,2.3802
3.6805,4.2333,4.1385,3.8675,2.3802
3.6825,4.2040,4.1229,3.8153,2.3799
3.7260,4.2341,4.1534,3.8500,2.3802
3.6783,4.2272,4.1176,3.8512,2.3801
3.6750,4.1849,4.0800,3.8501,2.3798
3.6688,4.1757,4.1039,3.7631,2.3797
3.6732,4.1920,4.1038,3.8194,2.3798
3.6915,4.1882,4.1101,3.7924,2.3798
3.6765,4.1935,4.1296,3.8136,2.3799
3.6571,4.1922,4.1184,3.8377,2.3797
3.7067,4.1834,4.0712,3.8482,2.3799
3.7196,4.1743,4.0646,3.8434,2.3800
3.7023,4.1515,4.0115,3.9025,2.3799
3.7567,4.1974,4.0720,3.9631,2.3803
3.5868,4.1989,4.0634,3.9789,2.3804
3.5908,4.3106,4.1404,3.9212,2.3807
3.6182,4.2077,4.0893,3.9048,2.3801
3.6437,4.2207,4.0952,3.8881,2.3802
3.6440,4.2402,4.1199,3.8755,2.3802
3.6608,4.2674,4.1688,3.8642,2.3804
3.6769,4.2965,4.2070,3.8808,2.3807
3.6834,4.2633,4.1546,3.8854,2.3805
3.7463,4.2514,4.1336,3.9479,2.3807
3.7728,4.2529,4.1579,3.9337,2.3808
3.7899,4.2501,4.1488,3.9767,2.3810
3.7832,4.1949,4.1249,3.8906,2.3804
3.8322,4.2608,4.2011,3.9109,2.3810
3.7322,4.2986,4.2117,3.9017,2.3809
3.7269,4.3255,4.2485,3.9084,2.3812
3.7005,4.3406,4.3247,3.9087,2.3814
3.7465,4.3519,4.3528,3.9657,2.3818
3.7660,4.3403,4.3121,3.9666,2.3818
3.7081,4.2977,4.2452,3.9291,2.3812
3.7097,4.2547,4.2025,3.8926,2.3808
3.6746,4.1961,4.1335,3.8346,2.3798
3.7535,4.1659,4.1726,3.8329,2.3800
3.8633,4.1476,4.1550,3.8802,2.3804
3.7989,4.1025,4.0571,3.8658,2.3799
3.7008,4.0765,3.9718,3.9100,2.3796
3.6718,4.1333,4.0529,3.9031,2.3798
3.6634,4.1871,4.0912,3.8365,2.3798
3.6588,4.1893,4.0734,3.8005,2.3797
3.6803,4.2266,4.1253,3.8809,2.3803
3.7014,4.2279,4.1333,3.8097,2.3800
3.6348,4.1609,4.1201,3.7944,2.3796
3.6668,4.1806,4.1324,3.7609,2.3798
3.6266,4.2017,4.1727,3.7587,2.3796
3.5789,4.2051,4.2197,3.7858,2.3799
3.6978,4.2828,4.2644,3.8671,2.3809
3.7312,4.2362,4.3006,3.8571,2.3809
3.7045,4.2357,4.2978,3.8490,2.3807
3.7433,4.2986,4.3188,3.9066,2.3812
3.7409,4.3523,4.2899,3.9784,2.3818
3.7607,4.2903,4.2947,3.9261,2.3815
3.7348,4.2294,4.1977,3.8690,2.3806
3.7947,4.2486,4.2436,3.9063,2.3810
3.7572,4.2498,4.2926,3.8376,2.3808
3.8015,4.2715,4.2283,3.9738,2.3814
3.7790,4.2418,4.2019,3.8857,2.3808
3.6950,4.1486,4.1251,3.7412,2.3794
3.6720,4.0885,4.0430,3.7307,2.3789
3.6510,4.1726,4.1172,3.7702,2.3794
3.6724,4.1806,4.1051,3.7670,2.3796
3.6184,4.1110,4.0875,3.7548,2.3790
3.6046,4.1283,4.0864,3.7196,2.3790
3.6624,4.1089,4.0095,3.7943,2.3792
3.6868,4.1193,4.0575,3.7892,2.3792
3.6763,4.1303,4.0974,3.7662,2.3794
3.6833,4.1148,4.0588,3.7954,2.3794
3.6928,4.1297,4.1052,3.7306,2.3793
3.6274,4.1669,4.0946,3.7825,2.3794
3.6373,4.1486,4.0350,3.7989,2.3795
3.6569,4.2302,4.1076,3.8705,2.3803
3.6952,4.2168,4.1553,3.8508,2.3803
3.6798,4.2453,4.1526,3.8821,2.3804
3.7014,4.2199,4.1069,3.8928,2.3803
3.6904,4.2316,4.1177,3.8631,2.3803
3.6769,4.2290,4.1195,3.8352,2.3799
3.6506,4.2363,4.1275,3.8180,2.3801
3.6374,4.2117,4.1094,3.8335,2.3799
3.6178,4.2547,4.1274,3.8492,2.3803
3.6359,4.2653,4.1312,3.8847,2.3805
3.6521,4.2655,4.1136,3.9463,2.3807
3.7087,4.2425,4.1340,3.9261,2.3807
3.7052,4.2195,4.0903,3.9316,2.3805
3.6854,4.1856,4.0671,3.9124,2.3803
3.6807,4.1708,4.0470,3.8245,2.3799
3.6570,4.2057,4.0712,3.8961,2.3803
3.6558,4.2420,4.0942,3.9268,2.3805
3.6455,4.2304,4.0938,3.9486,2.3805
3.5827,4.2007,4.0554,3.9633,2.3803
3.5754,4.2532,4.1248,3.8960,2.3803
3.5751,4.2248,4.1117,3.8985,2.3802
3.6148,4.1837,4.0662,3.9308,2.3801
3.6350,4.2010,4.0693,3.9398,2.3804
3.6343,4.2613,4.1133,3.9422,2.3807
3.6568,4.2495,4.1546,3.9428,2.3808
3.6604,4.2788,4.1390,3.9247,2.3807
3.7246,4.3058,4.1718,3.9721,2.3813
3.6833,4.2688,4.1206,3.9461,2.3808
3.6325,4.2580,4.1070,3.9678,2.3807
3.6891,4.2808,4.1281,4.0534,2.3814
3.7597,4.2794,4.1427,4.0823,2.3815
3.7315,4.2801,4.1369,4.0607,2.3814
3.6956,4.3216,4.1408,4.0774,2.3816
3.6968,4.3226,4.1634,4.0909,2.3818
3.7531,4.3368,4.2056,4.1046,2.3821
3.7546,4.3181,4.2041,4.0834,2.3820
3.8028,4.2674,4.1628,4.0469,2.3815
3.7094,4.2709,4.1280,4.0314,2.3811
3.6707,4.2955,4.1584,4.0105,2.3813
3.6956,4.2742,4.1419,3.9939,2.3811
3.6882,4.2494,4.1338,3.9383,2.3807
3.6851,4.2702,4.1471,3.9340,2.3807
3.7123,4.2562,4.1463,3.9366,2.3807
3.6603,4.2751,4.1349,3.9145,2.3807
3.6006,4.2723,4.1378,3.9062,2.3805
3.6318,4.2484,4.1416,3.9333,2.3807
3.6598,4.2651,4.1446,3.9879,2.3810
3.6991,4.2635,4.1504,4.0015,2.3812
3.6961,4.2975,4.1730,4.0084,2.3814
3.6888,4.2898,4.1611,4.0085,2.3813
3.7033,4.2872,4.1566,4.0356,2.3814
3.7027,4.2630,4.1398,4.0276,2.3813
3.7257,4.2843,4.1529,4.0324,2.3814
3.7363,4.2970,4.1785,4.0508,2.3815
3.7360,4.3093,4.1862,4.0628,2.3814
3.7290,4.3011,4.1782,4.0439,2.3814
3.7547,4.3222,4.2001,4.0775,2.3819
3.7324,4.3009,4.1738,4.0369,2.3815
3.7394,4.2953,4.1691,4.0377,2.3814
3.7590,4.3125,4.1859,4.0722,2.3818
3.7732,4.2734,4.1737,4.0397,2.3815
3.7499,4.2795,4.1428,4.0423,2.3814
3.7529,4.3045,4.1695,4.0304,2.3815
3.7464,4.3330,4.1978,4.0419,2.3818
3.7747,4.3419,4.2217,4.0496,2.3821
3.7717,4.4165,4.2836,4.0680,2.3823
3.7781,4.4354,4.3081,4.0610,2.3826
3.7924,4.3506,4.2701,4.0376,2.3820
3.8005,4.3850,4.2954,4.0110,2.3821
3.8464,4.4218,4.3115,4.0610,2.3827
3.8336,4.4201,4.3107,4.0542,2.3826
3.8083,4.4283,4.3259,4.0632,2.3827
3.8058,4.3699,4.3920,3.9546,2.3822
3.8403,4.2842,4.4574,3.8594,2.3817
3.8439,4.3042,4.4790,3.8818,2.3818
3.8030,4.3338,4.4424,3.9060,2.3819
3.8225,4.3530,4.4812,3.9321,2.3824
3.8303,4.3193,4.4489,3.9243,2.3822
3.7906,4.3191,4.4308,3.9132,2.3820
3.7979,4.3348,4.4320,3.9273,2.3820
3.8189,4.3241,4.4326,3.9090,2.3819
3.8226,4.2914,4.4482,3.8659,2.3817
3.8379,4.2427,4.4695,3.8398,2.3814
3.8022,4.1998,4.4176,3.7772,2.3807
3.7838,4.1723,4.4075,3.7720,2.3807
3.7852,4.2685,4.4538,3.7942,2.3811
3.7604,4.2894,4.5089,3.7977,2.3815
3.7497,4.2877,4.4934,3.8060,2.3814
3.7065,4.2504,4.4421,3.7436,2.3808
3.7888,4.2659,4.4547,3.8329,2.3813
3.8486,4.2630,4.3932,3.8899,2.3815
3.8316,4.2098,4.3926,3.8286,2.3810
3.8079,4.1011,4.3130,3.7287,2.3798
3.7439,4.1468,4.3078,3.7738,2.3802
3.7260,4.1413,4.3860,3.7002,2.3801
3.6193,4.1560,4.3605,3.6634,2.3798
3.6136,4.2257,4.3990,3.7097,2.3802
3.6181,4.2420,4.3950,3.7319,2.3805
3.5772,4.2531,4.4128,3.7162,2.3804
3.6473,4.2583,4.3810,3.7812,2.3807
3.6350,4.2452,4.3871,3.8013,2.3808
3.6459,4.2889,4.4351,3.7924,2.3811
3.6431,4.2995,4.4063,3.7764,2.3808
3.6207,4.2542,4.3986,3.7547,2.3806
3.6222,4.2331,4.4078,3.7318,2.3804
3.5833,4.2560,4.4302,3.7170,2.3804
3.6621,4.2976,4.5322,3.7538,2.3812
3.6094,4.3151,4.4936,3.7641,2.3812
3.6908,4.4201,4.5180,3.8251,2.3819
3.7979,4.3432,4.4864,3.9022,2.3821
3.8424,4.3613,4.4709,3.9352,2.3822
3.8207,4.3238,4.4215,3.9068,2.3819
3.7622,4.2938,4.3859,3.8665,2.3814
3.7302,4.2872,4.3693,3.8805,2.3812
3.7103,4.2644,4.2964,3.8811,2.3810
3.7044,4.2559,4.2459,3.8821,2.3808
3.6504,4.3077,4.3366,3.8273,2.3809
3.7467,4.3293,4.5264,3.8347,2.3817
3.8402,4.2678,4.4834,3.8580,2.3817
3.7659,4.2003,4.3277,3.7939,2.3805
3.8663,4.1675,4.3979,3.7919,2.3809
3.8249,4.2078,4.3927,3.8045,2.3810
3.7587,4.1982,4.3968,3.7833,2.3809
3.7267,4.2391,4.4008,3.7942,2.3809
3.7743,4.2154,4.4172,3.8294,2.3811
3.7192,4.2971,4.3582,3.8410,2.3811
3.7456,4.3419,4.4145,3.8870,2.3818
3.7601,4.3174,4.4223,3.8891,2.3818
3.7855,4.3044,4.4774,3.8702,2.3817
3.7780,4.2849,4.4512,3.8583,2.3817
3.7009,4.2236,4.3503,3.8155,2.3808
3.6414,4.2385,4.3247,3.7713,2.3804
3.5977,4.2407,4.3328,3.7667,2.3804
3.6118,4.3340,4.3324,3.8188,2.3809
3.7443,4.2738,4.3715,3.8640,2.3813
3.7256,4.2436,4.3894,3.8199,2.3810
3.7436,4.2362,4.3746,3.8288,2.3811
3.7410,4.2629,4.3564,3.8458,2.3811
3.6874,4.3175,4.3553,3.8759,2.3813
3.6768,4.2848,4.3210,3.8693,2.3811
3.6662,4.3056,4.3140,3.8698,2.3811
3.6840,4.3556,4.3340,3.9071,2.3816
3.6779,4.3520,4.3350,3.9239,2.3815
3.7073,4.3229,4.3791,3.9287,2.3817
3.7677,4.2439,4.3112,3.8941,2.3813
3.7811,4.2500,4.3249,3.8763,2.3811
3.8149,4.2643,4.3403,3.8953,2.3814
3.8366,4.3274,4.3878,3.9378,2.3819
3.8161,4.3728,4.4140,3.9619,2.3824
3.7989,4.4701,4.4404,4.0071,2.3830
3.7516,4.4615,4.4442,3.9852,2.3827
3.7239,4.4012,4.4577,3.9349,2.3823
3.7339,4.3623,4.3989,3.9451,2.3820
3.7898,4.3193,4.3771,3.9498,2.3819
3.7222,4.3246,4.3471,3.9030,2.3815
3.7141,4.2057,4.3822,3.8553,2.3809
3.8021,4.2828,4.3702,3.9067,2.3814
3.8053,4.3034,4.3813,3.9087,2.3818
3.8173,4.3413,4.3652,3.9474,2.3819
3.8274,4.2721,4.2968,3.8936,2.3813
3.8740,4.2810,4.3544,3.8858,2.3815
3.7676,4.3488,4.3918,3.9311,2.3817
3.6741,4.3789,4.3899,3.9386,2.3820
3.6717,4.3671,4.3460,3.9321,2.3818
3.7245,4.3461,4.3710,3.9397,2.3818
3.7019,4.3632,4.3390,3.9489,2.3818
3.7549,4.3664,4.3920,3.9686,2.3821
3.7573,4.3732,4.3375,3.9819,2.3822
3.7457,4.4010,4.3320,4.0038,2.3822
3.7406,4.3076,4.3107,3.9419,2.3816
3.8032,4.2737,4.2562,3.9369,2.3814
3.7369,4.2925,4.2419,3.8884,2.3811
3.7281,4.2818,4.2653,3.8757,2.3810
3.6728,4.2958,4.2345,3.8982,2.3809
3.6780,4.2550,4.2371,3.8641,2.3808
3.6952,4.2926,4.2639,3.9156,2.3811
3.7404,4.3062,4.2815,3.9379,2.3814
3.7496,4.3077,4.2707,3.9298,2.3814
3.7589,4.3378,4.2900,3.9493,2.3817
3.7789,4.3225,4.2686,3.9498,2.3815
3.8251,4.3161,4.2493,3.9736,2.3817
3.7701,4.2858,4.2353,3.8960,2.3810
3.7536,4.2746,4.3017,3.8618,2.3810
3.7488,4.2738,4.3163,3.8663,2.3811
3.7530,4.2634,4.3120,3.8661,2.3811
3.6335,4.2006,4.2127,3.8080,2.3801
3.6107,4.2640,4.2321,3.8404,2.3805
3.6462,4.2823,4.2448,3.8882,2.3808
3.7064,4.3005,4.2459,3.9227,2.3811
3.7198,4.3177,4.2487,3.9457,2.3814
3.7195,4.3106,4.2415,3.9332,2.3813
3.7483,4.3007,4.2350,3.9219,2.3812
3.8178,4.3435,4.2802,3.9523,2.3819
3.7797,4.3099,4.2637,3.9213,2.3814
3.7598,4.2995,4.2295,3.9019,2.3811
3.7389,4.3150,4.2357,3.8986,2.3812
3.6769,4.3452,4.2972,3.8941,2.3813
3.7140,4.3566,4.3064,3.9341,2.3817
3.6925,4.3293,4.2440,3.9751,2.3815
3.7154,4.3286,4.1984,3.9737,2.3814
3.7770,4.3256,4.2473,3.9789,2.3817
3.7650,4.3231,4.2237,3.9509,2.3814
3.6977,4.2379,4.2083,3.8232,2.3804
3.7769,4.2126,4.2031,3.8738,2.3807
3.8065,4.2304,4.1373,3.9398,2.3808
3.8467,4.2714,4.1996,3.9811,2.3814
3.8267,4.3787,4.3347,3.9645,2.3821
3.8300,4.4021,4.3801,4.0180,2.3826
3.7181,4.3702,4.3281,3.9571,2.3819
3.6170,4.3251,4.2436,3.8976,2.3810
3.6535,4.2784,4.2342,3.8979,2.3809
3.6665,4.2446,4.2587,3.8682,2.3807
3.6669,4.3018,4.2839,3.8907,2.3813
3.7252,4.2740,4.2857,3.9204,2.3813
3.7632,4.2563,4.2150,3.9121,2.3811
3.6965,4.2006,4.0851,3.8798,2.3801
3.6837,4.1383,4.0336,3.8162,2.3795
3.6710,4.1278,4.0586,3.7744,2.3794
3.7119,4.1079,4.0414,3.8166,2.3794
3.7239,4.1546,4.1133,3.7887,2.3797
3.7020,4.1637,4.0967,3.8266,2.3799
3.6683,4.1948,4.1076,3.7831,2.3798
3.6891,4.2314,4.0744,3.9075,2.3804
3.6824,4.2832,4.1575,3.9036,2.3808
3.6368,4.2483,4.1341,3.8555,2.3803
3.6767,4.2327,4.1033,3.9255,2.3804
3.7150,4.2482,4.1166,3.9268,2.3807
3.6895,4.2318,4.1305,3.8828,2.3804
3.6596,4.1852,4.0800,3.8169,2.3797
3.6423,4.2120,4.1061,3.7980,2.3799
3.6706,4.2160,4.0695,3.8692,2.3801
3.6647,4.2410,4.1126,3.8746,2.3802
3.6627,4.2915,4.1585,3.9037,2.3807
3.6476,4.2843,4.1592,3.8839,2.3807
3.7012,4.3061,4.1872,3.9352,2.3810
3.7559,4.3269,4.2195,3.9406,2.3815
3.7608,4.3057,4.2324,3.9160,2.3814
3.7276,4.2535,4.2000,3.8776,2.3807
3.7422,4.1833,4.1159,3.8610,2.3802
3.7290,4.2220,4.1606,3.8191,2.3803
3.7540,4.1983,4.1684,3.8609,2.3805
3.6716,4.1717,4.0976,3.8066,2.3800
3.7224,4.2049,4.1451,3.8561,2.3804
3.7705,4.2016,4.1617,3.8515,2.3803
3.6979,4.2084,4.0959,3.8829,2.3803
3.6537,4.2116,4.0750,3.9040,2.3803
3.6477,4.2006,4.1123,3.9109,2.3804
3.7183,4.2278,4.1278,3.9680,2.3810
3.7295,4.2431,4.1250,3.9725,2.3808
3.7238,4.2197,4.1139,3.9387,2.3807
3.7279,4.1877,4.0654,3.9242,2.3803
3.7461,4.1259,4.0142,3.9103,2.3798
3.7088,4.1316,4.0043,3.9569,2.3800
3.8115,4.0843,4.0541,3.9272,2.3801
3.9907,4.0932,4.2323,3.8992,2.3807
3.7921,4.0720,4.2496,3.7153,2.3797
3.6642,4.1663,4.1709,3.7825,2.3798
3.5888,4.1712,4.1739,3.7640,2.3796
3.5785,4.1565,4.0797,3.8010,2.3795
3.5579,4.0951,4.0445,3.7034,2.3787
3.6865,4.0739,4.0461,3.7615,2.3791
3.7136,4.0649,4.0445,3.7635,2.3791
3.5990,4.0463,4.0259,3.6449,2.3782
3.5296,4.0297,3.9428,3.6864,2.3781
3.5372,4.0315,3.9550,3.6706,2.3780
3.5680,4.0349,3.9868,3.6572,2.3781
3.5682,4.0365,4.0344,3.6405,2.3781
3.5238,4.1147,4.0146,3.6872,2.3785
3.5174,4.1631,4.0212,3.8236,2.3793
3.5901,4.1378,4.0766,3.7477,2.3791
3.6335,4.2105,4.0904,3.8252,2.3799
3.6365,4.1966,4.1157,3.7961,2.3799
3.6737,4.2183,4.1020,3.8410,2.3801
3.6319,4.2578,4.1486,3.8554,2.3804
3.6283,4.2645,4.1260,3.8902,2.3806
3.6247,4.2621,4.1278,3.8909,2.3805
3.6258,4.2910,4.1640,3.8904,2.3807
3.6263,4.3163,4.1815,3.8997,2.3808
3.6122,4.3271,4.1940,3.9049,2.3811
3.6137,4.3491,4.2609,3.8904,2.3812
3.6028,4.3823,4.2423,3.9255,2.3814
3.6248,4.3614,4.1599,3.9625,2.3813
3.6999,4.3999,4.2258,4.0324,2.3820
3.7797,4.3841,4.2676,4.1043,2.3827
3.8157,4.3316,4.2613,4.0785,2.3824
3.8194,4.3278,4.2282,4.0448,2.3821
3.8247,4.3518,4.2174,4.0691,2.3822
3.7763,4.3130,4.2019,4.0542,2.3819
3.7724,4.3582,4.2252,4.0127,2.3819
3.7599,4.3020,4.2026,3.9851,2.3816
3.7237,4.3219,4.2054,3.9506,2.3813
3.7123,4.3201,4.1962,3.9394,2.3812
3.7714,4.3289,4.2253,3.9904,2.3816
3.8238,4.3236,4.2088,4.0309,2.3819
3.7522,4.2962,4.1688,3.9807,2.3813
3.7360,4.3039,4.1781,3.9819,2.3813
3.7729,4.3160,4.1987,4.0180,2.3818
3.7327,4.2376,4.1058,3.9917,2.3811
3.6871,4.1809,4.0473,4.0025,2.3807
3.6550,4.2007,4.0903,3.9675,2.3806
3.6397,4.2191,4.0795,3.9632,2.3807
3.6492,4.2141,4.0781,3.9648,2.3807
3.6814,4.1973,4.0976,3.9518,2.3806
3.6719,4.2311,4.1072,3.9430,2.3806
3.6537,4.2070,4.0655,4.0115,2.3807
3.7231,4.2393,4.1473,4.0120,2.3811
3.7032,4.2423,4.1357,3.9546,2.3809
3.7061,4.2420,4.1425,3.9699,2.3809
3.7425,4.2694,4.1950,3.8943,2.3808
3.6855,4.2680,4.1409,3.9055,2.3807
3.7167,4.2634,4.1178,3.9589,2.3808
3.7752,4.2732,4.3035,3.8140,2.3808
3.7887,4.2793,4.4202,3.8413,2.3815
3.8299,4.3357,4.6672,3.7810,2.3821
3.9055,4.4118,4.8828,3.6976,2.3828
4.0154,4.5509,5.0567,3.7717,2.3844
4.1656,4.6895,5.2827,4.0158,2.3869
4.4145,4.8744,5.4709,4.2875,2.3899
4.5432,4.8611,5.5704,4.4443,2.3912
4.5364,4.8059,5.4716,4.5039,2.3908
4.4744,4.9100,5.4689,4.5544,2.3913
4.1035,4.7443,5.0400,4.5691,2.3891
4.0203,4.7929,4.5785,4.4434,2.3870
4.0019,4.7060,4.2416,4.2828,2.3847
4.0700,4.6708,4.3114,4.3413,2.3851
4.0098,4.6977,4.5655,4.3498,2.3860
4.0767,4.6491,4.5862,4.3333,2.3859
4.0182,4.6385,4.5976,4.2407,2.3854
4.1481,4.7500,4.6433,4.3081,2.3865
4.0438,4.6891,4.6365,4.3771,2.3864
4.1276,4.8048,4.7355,4.3750,2.3873
4.0121,4.6547,4.6102,4.2828,2.3858
4.0372,4.6129,4.6030,4.2895,2.3857
3.9929,4.6686,4.6660,4.2623,2.3858
3.9657,4.6726,4.6081,4.2424,2.3855
4.0235,4.6676,4.5936,4.3051,2.3858
4.0071,4.6503,4.6302,4.2482,2.3857
3.9538,4.5850,4.3964,4.3025,2.3847
3.8971,4.5640,4.4435,4.2707,2.3848
3.8872,4.6351,4.5231,4.1547,2.3845
3.9832,4.6975,4.5693,4.2337,2.3855
4.0563,4.6965,4.6384,4.2488,2.3858
3.9836,4.6241,4.5876,4.1943,2.3850
3.9266,4.6642,4.4602,4.3748,2.3856
3.8707,4.5068,4.5454,4.2044,2.3846
3.9365,4.6515,4.3533,4.2431,2.3845
3.9745,4.6680,4.4965,4.2411,2.3851
3.9801,4.7413,4.5850,4.2589,2.3858
3.8901,4.6216,4.4757,4.2401,2.3849
3.9640,4.7080,4.5315,4.2594,2.3855
4.0230,4.6705,4.4630,4.3075,2.3854
3.9779,4.6696,4.5136,4.3142,2.3856
3.9643,4.6882,4.5170,4.2924,2.3855
3.9899,4.6990,4.5388,4.2965,2.3856
3.9887,4.7142,4.5556,4.2843,2.3857
3.9976,4.7082,4.5532,4.2984,2.3858
3.9817,4.7043,4.5535,4.2737,2.3856
3.9983,4.6854,4.5288,4.2831,2.3856
3.9633,4.6912,4.5148,4.2816,2.3855
4.0221,4.6959,4.5328,4.3108,2.3857
3.9511,4.7076,4.5282,4.2903,2.3855
3.9725,4.6611,4.5066,4.2821,2.3854
3.9766,4.6746,4.4988,4.2715,2.3853
4.0029,4.7034,4.5288,4.2843,2.3856
4.0111,4.6850,4.5285,4.2904,2.3856
3.9977,4.6803,4.5263,4.2924,2.3856
4.0172,4.6715,4.5347,4.2942,2.3856
4.0015,4.6682,4.5103,4.2811,2.3854
3.9966,4.6701,4.5154,4.3028,2.3856
3.9850,4.6984,4.5458,4.2934,2.3856
4.0155,4.7055,4.5279,4.3066,2.3858
4.0198,4.6935,4.5221,4.3095,2.3857
4.0081,4.6834,4.5266,4.2963,2.3856
4.0258,4.6758,4.5221,4.2993,2.3856
3.9795,4.7284,4.5618,4.2934,2.3859
4.0066,4.6813,4.4993,4.3217,2.3857
4.0275,4.6834,4.5099,4.3315,2.3858
3.9808,4.6861,4.5227,4.2917,2.3856
4.0134,4.6943,4.5066,4.3149,2.3857
4.0125,4.6987,4.5416,4.3286,2.3859
3.9949,4.6592,4.5032,4.3265,2.3856
4.0116,4.7078,4.5223,4.3302,2.3859
4.0164,4.6934,4.5086,4.3272,2.3858
4.0031,4.6658,4.5221,4.3063,2.3857
4.0062,4.6581,4.5079,4.2970,2.3855
4.0149,4.6881,4.5255,4.3132,2.3857
4.0156,4.6829,4.5050,4.3152,2.3857
3.9981,4.6735,4.5238,4.3073,2.3857
4.0045,4.6699,4.5162,4.2979,2.3855
4.0125,4.6832,4.5236,4.3052,2.3857
4.0103,4.6809,4.4940,4.3078,2.3855
4.0222,4.6919,4.5166,4.3193,2.3857
4.0070,4.6966,4.5264,4.3125,2.3857
4.0188,4.6869,4.5088,4.3214,2.3857
4.0135,4.6590,4.5184,4.2959,2.3856
3.9991,4.6639,4.5119,4.3069,2.3854
3.9928,4.7024,4.5290,4.3323,2.3858
4.0184,4.6836,4.5203,4.3070,2.3856
4.0102,4.6695,4.5129,4.3055,2.3854
4.0273,4.6797,4.5236,4.2984,2.3857
3.9944,4.6893,4.5050,4.3227,2.3857
4.0244,4.6868,4.5005,4.3191,2.3856
4.0170,4.6977,4.4964,4.3112,2.3856
4.0098,4.7029,4.5107,4.3246,2.3857
4.0151,4.7125,4.5194,4.3353,2.3859
4.0112,4.7040,4.5324,4.3516,2.3860
4.0292,4.6809,4.4945,4.3498,2.3859
4.0220,4.6690,4.4937,4.3374,2.3856
4.0254,4.6924,4.5280,4.3294,2.3859
3.9944,4.6792,4.5093,4.3063,2.3856
3.9987,4.6865,4.5168,4.3240,2.3857
4.0007,4.6837,4.4991,4.3175,2.3856
4.0171,4.7018,4.5056,4.3278,2.3858
4.0097,4.7064,4.5074,4.3393,2.3858
3.9903,4.6795,4.5110,4.2890,2.3855
3.9625,4.6953,4.5251,4.3162,2.3857
4.0549,4.6876,4.5321,4.3706,2.3860
4.0084,4.6776,4.4888,4.3086,2.3855
4.0203,4.6925,4.4946,4.3229,2.3857
4.0296,4.7053,4.5179,4.3023,2.3857
4.0188,4.6801,4.5137,4.3099,2.3857
3.9892,4.6828,4.5237,4.2760,2.3854
3.9901,4.6806,4.4890,4.2985,2.3854
4.0080,4.7245,4.5282,4.2897,2.3857
4.0316,4.6738,4.5275,4.3237,2.3858
3.9996,4.7094,4.5220,4.3275,2.3858
4.0134,4.6733,4.5218,4.2972,2.3857
3.9718,4.7036,4.5393,4.2864,2.3857
4.0138,4.6619,4.4751,4.3168,2.3856
4.0310,4.6772,4.5188,4.3309,2.3858
4.0143,4.6895,4.5216,4.3198,2.3858
3.9877,4.6845,4.5043,4.3067,2.3856
4.0082,4.6930,4.4967,4.3137,2.3857
3.9939,4.6922,4.5226,4.3129,2.3857
4.0096,4.7128,4.5081,4.3160,2.3858
3.9887,4.6648,4.4978,4.2850,2.3854
4.0225,4.6798,4.5140,4.3072,2.3856
4.0135,4.6669,4.5235,4.3014,2.3856
3.9947,4.6743,4.5157,4.2978,2.3855
4.0323,4.7012,4.5185,4.3225,2.3858
4.0078,4.6810,4.5275,4.2861,2.3856
4.0165,4.7037,4.5359,4.3075,2.3856
3.9881,4.6876,4.5140,4.2978,2.3855
4.0131,4.7303,4.5598,4.3182,2.3859
3.9996,4.7172,4.5426,4.3015,2.3858
4.0212,4.6938,4.5131,4.3208,2.3858
4.0260,4.6950,4.5259,4.3094,2.3857
4.0193,4.6617,4.5266,4.3181,2.3856
4.0216,4.6672,4.5147,4.3129,2.3856
4.0097,4.6914,4.5125,4.3216,2.3857
3.9989,4.6860,4.5021,4.2992,2.3854
4.0118,4.6792,4.4961,4.3291,2.3856
4.0048,4.6804,4.5290,4.3170,2.3857
3.9936,4.6773,4.5232,4.3028,2.3856
3.9894,4.6899,4.5411,4.3112,2.3858
4.0140,4.6827,4.5105,4.3093,2.3855
4.0284,4.6842,4.4918,4.3278,2.3856
4.0252,4.6798,4.5224,4.3110,2.3856
4.0316,4.7175,4.5392,4.3273,2.3859
4.0368,4.6455,4.5205,4.3210,2.3856
4.0142,4.6710,4.4877,4.2924,2.3854
4.0570,4.6819,4.5143,4.3150,2.3857
4.0229,4.6985,4.5294,4.3132,2.3858
4.0442,4.6629,4.5193,4.3133,2.3857
4.0313,4.6812,4.4934,4.3247,2.3857
4.0281,4.6850,4.5044,4.3136,2.3856
4.0059,4.6921,4.5078,4.3445,2.3858
3.9824,4.6885,4.5163,4.3221,2.3857
4.0474,4.6828,4.5291,4.3399,2.3858
4.0474,4.6822,4.5199,4.3338,2.3858
4.0504,4.6692,4.4957,4.3459,2.3858
4.0162,4.6692,4.5239,4.3058,2.3856
4.0282,4.6657,4.5009,4.3273,2.3856
4.0467,4.6880,4.5026,4.3405,2.3859
4.0207,4.6837,4.4793,4.3085,2.3855
4.0175,4.7032,4.5036,4.3505,2.3857
4.0290,4.6561,4.5189,4.2992,2.3855
4.0161,4.6645,4.5089,4.3026,2.3855
4.0667,4.7086,4.5621,4.3657,2.3862
4.0348,4.6658,4.5046,4.2878,2.3854
4.0495,4.6476,4.4901,4.3157,2.3855
4.0396,4.6681,4.4971,4.3195,2.3855
4.0236,4.6841,4.5313,4.3256,2.3857
4.0417,4.6741,4.5009,4.3233,2.3854
4.0415,4.6981,4.5213,4.3420,2.3857
3.9890,4.6500,4.5094,4.2813,2.3852
3.9930,4.6664,4.5105,4.2918,2.3854
4.0184,4.6805,4.5120,4.3220,2.3855
4.0041,4.6890,4.5269,4.2951,2.3856
4.0314,4.6806,4.5240,4.3444,2.3858
4.0368,4.6803,4.5171,4.3239,2.3856
4.0293,4.6540,4.5021,4.2971,2.3854
4.0267,4.6757,4.5173,4.3020,2.3853
4.0265,4.6764,4.5252,4.3092,2.3855
4.0134,4.6917,4.5336,4.2976,2.3856
4.0071,4.6897,4.5212,4.3135,2.3854
4.0217,4.7101,4.5280,4.3249,2.3857
4.0256,4.6904,4.5234,4.3155,2.3858
4.0214,4.6848,4.5117,4.3048,2.3855
4.0129,4.7049,4.5242,4.3040,2.3856
4.0175,4.6903,4.5217,4.3176,2.3857
4.0195,4.6895,4.5250,4.3034,2.3855
4.0215,4.6832,4.5335,4.3050,2.3856
4.0297,4.6731,4.5273,4.2955,2.3855
4.0130,4.7015,4.5371,4.3107,2.3857
4.0241,4.6708,4.5136,4.3070,2.3853
4.0381,4.6868,4.5171,4.3270,2.3856
4.0028,4.7020,4.5295,4.3016,2.3855
4.0147,4.7012,4.5462,4.3016,2.3855
4.0012,4.7026,4.5231,4.2993,2.3855
4.0068,4.6946,4.5314,4.2901,2.3855
4.0033,4.6843,4.5326,4.3000,2.3852
3.9990,4.7006,4.5424,4.2733,2.3854
4.0296,4.6870,4.5349,4.2971,2.3852
4.0512,4.6800,4.5039,4.3220,2.3854
4.0408,4.6802,4.5227,4.3239,2.3854
4.0243,4.6921,4.5122,4.3196,2.3855
4.0083,4.7078,4.5359,4.3117,2.3856
4.0108,4.6852,4.5185,4.3038,2.3855
4.0113,4.6875,4.5254,4.3029,2.3854
4.0059,4.6786,4.5172,4.2977,2.3854
3.9821,4.6575,4.5268,4.2571,2.3851
3.9934,4.7230,4.5952,4.2868,2.3856
4.0175,4.6579,4.5047,4.2934,2.3853
4.0323,4.6731,4.5100,4.2922,2.3853
4.0074,4.6751,4.4744,4.3086,2.3853
4.0327,4.7114,4.5226,4.3251,2.3857
4.0311,4.6869,4.4934,4.3207,2.3854
3.9964,4.6737,4.4862,4.3064,2.3852
3.9378,4.7253,4.5171,4.2916,2.3854
3.9635,4.6336,4.4768,4.3032,2.3850
3.9093,4.6397,4.5234,4.2436,2.3849
3.9919,4.6498,4.5408,4.2804,2.3854
4.0154,4.6646,4.4798,4.2981,2.3852
4.0380,4.6804,4.4905,4.3134,2.3855
4.0163,4.6886,4.5150,4.3235,2.3856
4.0273,4.6900,4.5228,4.3243,2.3857
3.9899,4.6891,4.4980,4.2860,2.3854
3.9525,4.6872,4.5088,4.2818,2.3853
3.9867,4.6929,4.5234,4.3043,2.3855
3.9969,4.6583,4.5216,4.2930,2.3853
4.0165,4.6569,4.4966,4.2894,2.3852
4.0101,4.6744,4.5183,4.2883,2.3854
4.0365,4.6594,4.4994,4.3342,2.3855
4.0036,4.6540,4.5275,4.2930,2.3853
4.0293,4.6826,4.4965,4.3375,2.3856
4.0287,4.6962,4.5172,4.3066,2.3856
4.0337,4.6973,4.5388,4.3312,2.3857
4.0397,4.7092,4.5069,4.3462,2.3858
4.0246,4.7032,4.5370,4.3159,2.3857
4.0111,4.6897,4.5180,4.3118,2.3855
4.0471,4.6942,4.4911,4.3477,2.3856
4.0361,4.6684,4.4883,4.3293,2.3855
4.0439,4.6901,4.5210,4.3393,2.3857
4.0407,4.6850,4.5283,4.3086,2.3855
4.0131,4.6628,4.4936,4.3011,2.3853
3.9793,4.6818,4.4953,4.2850,2.3852
3.9776,4.6998,4.4982,4.3162,2.3856
3.9857,4.6944,4.5429,4.2782,2.3855
4.0200,4.6712,4.5590,4.2759,2.3855
4.0199,4.6801,4.5329,4.3023,2.3856
4.0121,4.6807,4.5252,4.2840,2.3854
4.0054,4.6803,4.5315,4.2957,2.3855
3.9925,4.6829,4.5160,4.2949,2.3854
4.0174,4.6919,4.5496,4.2750,2.3855
4.0045,4.6891,4.5436,4.2768,2.3854
4.0043,4.6875,4.5175,4.3033,2.3855
4.0262,4.7184,4.5578,4.3074,2.3857
4.0167,4.7170,4.5543,4.3101,2.3858
4.0174,4.7138,4.5632,4.2886,2.3857
4.0177,4.6616,4.5264,4.2951,2.3854
3.9763,4.6974,4.5391,4.2770,2.3854
3.9708,4.7016,4.5520,4.2798,2.3855
3.9868,4.6946,4.5581,4.2320,2.3852
3.9878,4.6595,4.4985,4.2392,2.3850
4.0118,4.6864,4.5102,4.2775,2.3853
3.9915,4.6832,4.5270,4.2832,2.3854
3.9889,4.7129,4.5355,4.3054,2.3855
3.9588,4.7095,4.5391,4.3023,2.3855
3.9920,4.6881,4.5693,4.2353,2.3853
3.9686,4.6920,4.5361,4.2869,2.3854
4.0234,4.7061,4.5958,4.2701,2.3856
3.9890,4.6923,4.5663,4.2898,2.3855
3.9656,4.6722,4.5281,4.3048,2.3853
3.9978,4.7195,4.5692,4.2969,2.3856
4.0280,4.7007,4.5558,4.2724,2.3855
4.0370,4.7060,4.5832,4.2586,2.3855
4.0176,4.6640,4.5516,4.2670,2.3853
3.9829,4.6892,4.5306,4.2923,2.3854
3.9609,4.6830,4.5367,4.2779,2.3852
3.9845,4.7224,4.5427,4.2997,2.3857
4.0254,4.7026,4.5847,4.2385,2.3855
4.0218,4.6595,4.5536,4.2617,2.3853
4.0272,4.6796,4.5765,4.2697,2.3855
3.9882,4.6813,4.5452,4.2821,2.3854
4.0430,4.7052,4.5915,4.2693,2.3855
4.0203,4.6729,4.5636,4.2581,2.3853
4.0260,4.7048,4.5708,4.2867,2.3856
4.0195,4.6858,4.5592,4.2784,2.3855
4.0164,4.6916,4.5367,4.2713,2.3854
3.9354,4.7023,4.5308,4.2629,2.3852
4.0185,4.6708,4.5657,4.2704,2.3853
3.9342,4.6833,4.5819,4.2101,2.3850
3.9260,4.6810,4.4415,4.2917,2.3850
3.9786,4.7037,4.5140,4.2780,2.3853
3.9729,4.6572,4.4799,4.2994,2.3853
3.9618,4.6763,4.5374,4.2716,2.3852
3.9835,4.6805,4.5672,4.2637,2.3853
3.9990,4.6701,4.5573,4.2406,2.3852
3.9941,4.6623,4.5696,4.2093,2.3850
3.9708,4.6786,4.5246,4.2741,2.3852
3.9710,4.7270,4.5504,4.2970,2.3856
3.9727,4.7334,4.5381,4.3169,2.3854
3.9883,4.6785,4.5596,4.2327,2.3850
3.9933,4.6826,4.5617,4.2802,2.3854
4.0059,4.6684,4.5438,4.2659,2.3853
3.9873,4.7047,4.5485,4.2758,2.3853
3.9778,4.6531,4.5443,4.2420,2.3849
4.0022,4.7391,4.5615,4.3073,2.3857
4.0090,4.7091,4.5693,4.2836,2.3854
4.0069,4.7212,4.5629,4.2983,2.3855
4.0150,4.6660,4.5610,4.2600,2.3850
3.9701,4.6747,4.5217,4.2708,2.3850
4.0075,4.6720,4.5600,4.2695,2.3852
3.9911,4.7223,4.5539,4.2932,2.3854
4.0126,4.6823,4.5640,4.2284,2.3850
3.9712,4.6962,4.5478,4.2788,2.3853
4.0185,4.6788,4.5631,4.2540,2.3852
3.9751,4.6442,4.5429,4.2525,2.3849
3.9372,4.6905,4.4899,4.2836,2.3850
3.9769,4.6928,4.5627,4.2383,2.3850
3.9653,4.7052,4.5521,4.2680,2.3852
3.9787,4.6861,4.5622,4.2422,2.3850
3.9938,4.6943,4.5589,4.2613,2.3851
3.9883,4.7170,4.5506,4.3031,2.3855
4.0051,4.6989,4.5815,4.2562,2.3852
3.9925,4.7095,4.5537,4.2855,2.3853
3.9839,4.6782,4.5572,4.2763,2.3850
3.9854,4.6873,4.5695,4.2721,2.3851
3.9809,4.7272,4.5577,4.3039,2.3854
3.9840,4.6338,4.5325,4.2605,2.3848
4.0017,4.7014,4.5441,4.2921,2.3852
4.0031,4.7082,4.5349,4.2979,2.3853
3.9728,4.7160,4.5414,4.2816,2.3852
4.0026,4.7166,4.5455,4.3151,2.3854
4.0014,4.6881,4.4897,4.2964,2.3851
3.9449,4.6971,4.5489,4.2460,2.3849
4.0036,4.6887,4.5058,4.3011,2.3851
4.0133,4.6934,4.4934,4.3076,2.3851
3.9693,4.7042,4.5137,4.2967,2.3852
4.0053,4.7104,4.5275,4.3044,2.3854
3.9745,4.7096,4.5219,4.2843,2.3851
4.0077,4.7043,4.5317,4.3041,2.3854
4.0328,4.6690,4.5212,4.3130,2.3852
4.0331,4.7050,4.4455,4.3404,2.3852
3.8922,4.6572,4.5323,4.2811,2.3848
4.0079,4.6594,4.5638,4.2252,2.3848
3.9914,4.6894,4.5062,4.2898,2.3851
3.9960,4.6972,4.5130,4.2853,2.3852
3.9173,4.7109,4.5413,4.2895,2.3850
4.0127,4.7005,4.5656,4.3083,2.3854
3.9539,4.6829,4.5610,4.2152,2.3848
3.9868,4.6969,4.4752,4.3008,2.3851
3.9585,4.6815,4.5541,4.2532,2.3850
3.9704,4.6720,4.5584,4.2456,2.3850
3.9637,4.7291,4.5742,4.2848,2.3853
3.9637,4.6719,4.5663,4.1893,2.3848
3.9423,4.6720,4.5117,4.2474,2.3847
3.9322,4.7534,4.5328,4.3206,2.3855
4.0111,4.6746,4.5410,4.3099,2.3854
4.0496,4.6763,4.5030,4.3386,2.3854
3.9460,4.6879,4.5068,4.3141,2.3851
3.9959,4.7003,4.5517,4.3444,2.3855
4.0397,4.7155,4.5396,4.3500,2.3857
3.9901,4.7239,4.5068,4.3212,2.3854
4.0115,4.6917,4.4885,4.3292,2.3853
4.0071,4.7025,4.5219,4.3083,2.3853
4.0408,4.6961,4.5071,4.3515,2.3854
4.0324,4.6802,4.5222,4.3448,2.3854
4.0460,4.6969,4.5960,4.3561,2.3857
4.0396,4.6671,4.5401,4.3339,2.3852
4.0437,4.6884,4.5047,4.3402,2.3854
4.0274,4.6892,4.5184,4.3124,2.3853
4.0127,4.6990,4.5271,4.3038,2.3851
4.0192,4.6981,4.5372,4.3072,2.3853
4.0123,4.6882,4.5409,4.2931,2.3852
4.0202,4.7021,4.5340,4.3049,2.3853
4.0131,4.6999,4.5400,4.2960,2.3853
4.0286,4.6743,4.5168,4.3057,2.3852
4.0056,4.7085,4.5369,4.3031,2.3852
4.0377,4.6813,4.5096,4.3243,2.3853
4.0377,4.6851,4.5260,4.3175,2.3852
4.0200,4.6761,4.5060,4.3213,2.3851
4.0373,4.6810,4.5282,4.3287,2.3851
4.0233,4.6798,4.5224,4.2967,2.3849
4.0232,4.6708,4.4971,4.3302,2.3851
4.0357,4.6741,4.5056,4.3315,2.3852
3.9809,4.6744,4.5218,4.2953,2.3850
3.9932,4.6566,4.4919,4.2923,2.3848
4.0111,4.6398,4.5099,4.2778,2.3848
3.9619,4.6970,4.5677,4.3033,2.3852
4.0161,4.6908,4.5096,4.3214,2.3851
4.0323,4.7081,4.5252,4.3304,2.3853
4.0330,4.6924,4.5220,4.3115,2.3851
4.0132,4.7042,4.5330,4.3091,2.3852
4.0144,4.6918,4.5355,4.2921,2.3851
4.0259,4.6970,4.5126,4.3172,2.3853
4.0039,4.6614,4.5285,4.2814,2.3850
4.0100,4.6965,4.5562,4.3014,2.3852
4.0245,4.6660,4.4717,4.3033,2.3850
3.9973,4.6739,4.5248,4.2713,2.3850
3.9997,4.6662,4.4802,4.2868,2.3848
4.0278,4.6996,4.5365,4.3106,2.3854
4.0051,4.6837,4.5208,4.3105,2.3852
4.0100,4.7006,4.5505,4.3006,2.3854
4.0114,4.6631,4.4901,4.3167,2.3849
3.9903,4.6519,4.5239,4.2837,2.3849
3.9864,4.7327,4.5533,4.3211,2.3854
4.0272,4.6979,4.4964,4.3546,2.3853
4.0291,4.6657,4.5204,4.3197,2.3853
4.0415,4.6755,4.5213,4.3249,2.3853
4.0247,4.7052,4.4929,4.3168,2.3851
4.0192,4.6981,4.5093,4.3061,2.3851
4.0303,4.6977,4.5220,4.3452,2.3854
4.0316,4.7307,4.5561,4.3225,2.3855
4.0278,4.6812,4.5233,4.3093,2.3851
4.0131,4.7032,4.5262,4.3004,2.3853
4.0271,4.6950,4.5246,4.3014,2.3852
4.0335,4.6693,4.5227,4.2992,2.3852
4.0510,4.6793,4.5424,4.3025,2.3852
4.0056,4.6997,4.5389,4.2997,2.3850
4.0320,4.6859,4.5087,4.3159,2.3852
4.0490,4.7026,4.5492,4.3229,2.3853
4.0391,4.6920,4.5201,4.3213,2.3852
4.0105,4.6558,4.5092,4.3041,2.3850
3.9802,4.6557,4.5180,4.2691,2.3846
3.9662,4.6969,4.5548,4.2890,2.3851
4.0329,4.6794,4.5782,4.2842,2.3852
3.9940,4.6981,4.5633,4.2396,2.3850
3.9943,4.7199,4.5584,4.2779,2.3852
3.9821,4.7220,4.5387,4.2917,2.3852
3.9808,4.6952,4.5089,4.2862,2.3849
3.9878,4.7055,4.5541,4.2940,2.3851
4.0267,4.7037,4.5450,4.2871,2.3852
3.9465,4.7231,4.5448,4.2809,2.3851
3.9977,4.6802,4.5464,4.2734,2.3850
3.9596,4.6774,4.5305,4.2563,2.3847
4.0070,4.7178,4.5653,4.2973,2.3854
3.9849,4.7262,4.5454,4.3074,2.3854
3.9991,4.6992,4.5442,4.3006,2.3851
3.9894,4.7109,4.5195,4.2977,2.3850
3.9923,4.6958,4.5205,4.2999,2.3850
3.9948,4.6985,4.5157,4.2913,2.3850
3.9938,4.6791,4.5307,4.2606,2.3848
3.9822,4.6837,4.5410,4.2692,2.3848
4.0090,4.6815,4.4806,4.2928,2.3846
4.0009,4.6698,4.5271,4.2914,2.3848
3.9725,4.6947,4.5333,4.2779,2.3848
3.9609,4.6926,4.5211,4.3218,2.3850
3.9863,4.7104,4.5625,4.2645,2.3850
3.9742,4.7389,4.5543,4.2918,2.3852
4.0133,4.7127,4.5740,4.2884,2.3852
3.9779,4.6657,4.5398,4.2423,2.3845
4.0049,4.7335,4.5757,4.2935,2.3853
3.9981,4.6673,4.5546,4.2391,2.3847
4.0215,4.7281,4.5711,4.2963,2.3852
4.0027,4.6826,4.5709,4.2666,2.3850
3.9687,4.7067,4.5364,4.2617,2.3849
4.0215,4.7098,4.5660,4.2801,2.3852
3.9744,4.6902,4.5402,4.2705,2.3850
3.9950,4.7146,4.5604,4.2672,2.3850
4.0041,4.7183,4.5676,4.3014,2.3852
4.0111,4.6966,4.5400,4.3062,2.3852
4.0045,4.6826,4.4993,4.3052,2.3849
3.9607,4.7061,4.5164,4.3129,2.3850
3.9759,4.6963,4.5535,4.2748,2.3850
3.9588,4.7084,4.5476,4.2879,2.3849
3.9760,4.7076,4.5270,4.3192,2.3852
3.9706,4.7059,4.5481,4.2755,2.3850
3.9913,4.6958,4.5472,4.2896,2.3850
3.9715,4.7010,4.5430,4.2815,2.3850
4.0066,4.6763,4.5330,4.3007,2.3849
3.9708,4.6990,4.5449,4.2807,2.3849
4.0087,4.7072,4.5430,4.3363,2.3852
4.0461,4.6983,4.5025,4.3589,2.3853
4.0535,4.6581,4.5237,4.3207,2.3852
4.0199,4.6864,4.4886,4.3300,2.3850
4.0418,4.7108,4.5472,4.3373,2.3853
3.9864,4.7190,4.5357,4.3287,2.3850
4.0043,4.6805,4.5082,4.3442,2.3849
4.0171,4.6752,4.5424,4.3288,2.3850
4.0439,4.6758,4.4870,4.3460,2.3849
4.0408,4.6835,4.5155,4.3342,2.3850
4.0149,4.6836,4.5164,4.3036,2.3849
4.0281,4.6781,4.5291,4.3442,2.3850
4.0113,4.6957,4.5334,4.3345,2.3851
4.0132,4.7024,4.5101,4.3305,2.3851
4.0361,4.6947,4.5112,4.3536,2.3853
4.0479,4.7043,4.5275,4.3327,2.3852
4.0306,4.6458,4.4410,4.3096,2.3846
4.0235,4.6809,4.5336,4.3131,2.3849
4.0284,4.6841,4.5033,4.3136,2.3849
4.0245,4.6832,4.4954,4.3314,2.3850
4.0166,4.6839,4.4931,4.3270,2.3850
4.0136,4.6980,4.5086,4.3179,2.3851
4.0040,4.6715,4.4874,4.2929,2.3848
